   3   5   6 E -2.7543131944628E+02 DE-3.5E-11(  5)
  0.000000000000E+00  0.210225139453E+01  0.210225139453E+01
  0.210225139453E+01  0.000000000000E+00  0.210225139453E+01
  0.210225139453E+01  0.210225139453E+01  0.000000000000E+00
   48
  0.100000000000E+01  0.000000000000E+00  0.000000000000E+00
  0.000000000000E+00  0.100000000000E+01  0.000000000000E+00
  0.000000000000E+00  0.000000000000E+00  0.100000000000E+01
  0.000000000000E+00  0.000000000000E+00  0.000000000000E+00
 -0.100000000000E+01  0.000000000000E+00  0.000000000000E+00
  0.000000000000E+00 -0.100000000000E+01  0.000000000000E+00
  0.000000000000E+00  0.000000000000E+00  0.100000000000E+01
  0.000000000000E+00  0.000000000000E+00  0.000000000000E+00
  0.100000000000E+01  0.000000000000E+00  0.000000000000E+00
  0.000000000000E+00 -0.100000000000E+01  0.000000000000E+00
  0.000000000000E+00  0.000000000000E+00 -0.100000000000E+01
  0.000000000000E+00  0.000000000000E+00  0.000000000000E+00
 -0.100000000000E+01  0.000000000000E+00  0.000000000000E+00
  0.000000000000E+00  0.100000000000E+01  0.000000000000E+00
  0.000000000000E+00  0.000000000000E+00 -0.100000000000E+01
  0.000000000000E+00  0.000000000000E+00  0.000000000000E+00
  0.000000000000E+00  0.000000000000E+00  0.100000000000E+01
  0.100000000000E+01  0.000000000000E+00  0.000000000000E+00
  0.000000000000E+00  0.100000000000E+01  0.000000000000E+00
  0.000000000000E+00  0.000000000000E+00  0.000000000000E+00
  0.000000000000E+00  0.100000000000E+01  0.000000000000E+00
  0.000000000000E+00  0.000000000000E+00  0.100000000000E+01
  0.100000000000E+01  0.000000000000E+00  0.000000000000E+00
  0.000000000000E+00  0.000000000000E+00  0.000000000000E+00
  0.000000000000E+00  0.000000000000E+00 -0.100000000000E+01
 -0.100000000000E+01  0.000000000000E+00  0.000000000000E+00
  0.000000000000E+00  0.100000000000E+01  0.000000000000E+00
  0.000000000000E+00  0.000000000000E+00  0.000000000000E+00
  0.000000000000E+00 -0.100000000000E+01  0.000000000000E+00
  0.000000000000E+00  0.000000000000E+00  0.100000000000E+01
 -0.100000000000E+01  0.000000000000E+00  0.000000000000E+00
  0.000000000000E+00  0.000000000000E+00  0.000000000000E+00
  0.000000000000E+00  0.000000000000E+00  0.100000000000E+01
 -0.100000000000E+01  0.000000000000E+00  0.000000000000E+00
  0.000000000000E+00 -0.100000000000E+01  0.000000000000E+00
  0.000000000000E+00  0.000000000000E+00  0.000000000000E+00
  0.000000000000E+00 -0.100000000000E+01  0.000000000000E+00
  0.000000000000E+00  0.000000000000E+00 -0.100000000000E+01
  0.100000000000E+01  0.000000000000E+00  0.000000000000E+00
  0.000000000000E+00  0.000000000000E+00  0.000000000000E+00
  0.000000000000E+00  0.000000000000E+00 -0.100000000000E+01
  0.100000000000E+01  0.000000000000E+00  0.000000000000E+00
  0.000000000000E+00 -0.100000000000E+01  0.000000000000E+00
  0.000000000000E+00  0.000000000000E+00  0.000000000000E+00
  0.000000000000E+00  0.100000000000E+01  0.000000000000E+00
  0.000000000000E+00  0.000000000000E+00 -0.100000000000E+01
 -0.100000000000E+01  0.000000000000E+00  0.000000000000E+00
  0.000000000000E+00  0.000000000000E+00  0.000000000000E+00
  0.000000000000E+00 -0.100000000000E+01  0.000000000000E+00
 -0.100000000000E+01  0.000000000000E+00  0.000000000000E+00
  0.000000000000E+00  0.000000000000E+00 -0.100000000000E+01
  0.000000000000E+00  0.000000000000E+00  0.000000000000E+00
  0.000000000000E+00  0.100000000000E+01  0.000000000000E+00
  0.100000000000E+01  0.000000000000E+00  0.000000000000E+00
  0.000000000000E+00  0.000000000000E+00 -0.100000000000E+01
  0.000000000000E+00  0.000000000000E+00  0.000000000000E+00
  0.000000000000E+00  0.100000000000E+01  0.000000000000E+00
 -0.100000000000E+01  0.000000000000E+00  0.000000000000E+00
  0.000000000000E+00  0.000000000000E+00  0.100000000000E+01
  0.000000000000E+00  0.000000000000E+00  0.000000000000E+00
  0.000000000000E+00 -0.100000000000E+01  0.000000000000E+00
  0.100000000000E+01  0.000000000000E+00  0.000000000000E+00
  0.000000000000E+00  0.000000000000E+00  0.100000000000E+01
  0.000000000000E+00  0.000000000000E+00  0.000000000000E+00
 -0.100000000000E+01  0.000000000000E+00  0.000000000000E+00
  0.000000000000E+00  0.000000000000E+00 -0.100000000000E+01
  0.000000000000E+00 -0.100000000000E+01  0.000000000000E+00
  0.000000000000E+00  0.000000000000E+00  0.000000000000E+00
  0.000000000000E+00  0.000000000000E+00 -0.100000000000E+01
  0.000000000000E+00 -0.100000000000E+01  0.000000000000E+00
 -0.100000000000E+01  0.000000000000E+00  0.000000000000E+00
  0.000000000000E+00  0.000000000000E+00  0.000000000000E+00
  0.100000000000E+01  0.000000000000E+00  0.000000000000E+00
  0.000000000000E+00  0.000000000000E+00  0.100000000000E+01
  0.000000000000E+00 -0.100000000000E+01  0.000000000000E+00
  0.000000000000E+00  0.000000000000E+00  0.000000000000E+00
  0.000000000000E+00  0.000000000000E+00 -0.100000000000E+01
  0.000000000000E+00  0.100000000000E+01  0.000000000000E+00
  0.100000000000E+01  0.000000000000E+00  0.000000000000E+00
  0.000000000000E+00  0.000000000000E+00  0.000000000000E+00
  0.100000000000E+01  0.000000000000E+00  0.000000000000E+00
  0.000000000000E+00  0.000000000000E+00 -0.100000000000E+01
  0.000000000000E+00  0.100000000000E+01  0.000000000000E+00
  0.000000000000E+00  0.000000000000E+00  0.000000000000E+00
  0.000000000000E+00  0.000000000000E+00  0.100000000000E+01
  0.000000000000E+00  0.100000000000E+01  0.000000000000E+00
 -0.100000000000E+01  0.000000000000E+00  0.000000000000E+00
  0.000000000000E+00  0.000000000000E+00  0.000000000000E+00
 -0.100000000000E+01  0.000000000000E+00  0.000000000000E+00
  0.000000000000E+00  0.000000000000E+00  0.100000000000E+01
  0.000000000000E+00  0.100000000000E+01  0.000000000000E+00
  0.000000000000E+00  0.000000000000E+00  0.000000000000E+00
  0.000000000000E+00  0.000000000000E+00  0.100000000000E+01
  0.000000000000E+00 -0.100000000000E+01  0.000000000000E+00
  0.100000000000E+01  0.000000000000E+00  0.000000000000E+00
  0.000000000000E+00  0.000000000000E+00  0.000000000000E+00
 -0.100000000000E+01  0.000000000000E+00  0.000000000000E+00
  0.000000000000E+00 -0.100000000000E+01  0.000000000000E+00
  0.000000000000E+00  0.000000000000E+00 -0.100000000000E+01
  0.000000000000E+00  0.000000000000E+00  0.000000000000E+00
  0.100000000000E+01  0.000000000000E+00  0.000000000000E+00
  0.000000000000E+00  0.100000000000E+01  0.000000000000E+00
  0.000000000000E+00  0.000000000000E+00 -0.100000000000E+01
  0.000000000000E+00  0.000000000000E+00  0.000000000000E+00
 -0.100000000000E+01  0.000000000000E+00  0.000000000000E+00
  0.000000000000E+00  0.100000000000E+01  0.000000000000E+00
  0.000000000000E+00  0.000000000000E+00  0.100000000000E+01
  0.000000000000E+00  0.000000000000E+00  0.000000000000E+00
  0.100000000000E+01  0.000000000000E+00  0.000000000000E+00
  0.000000000000E+00 -0.100000000000E+01  0.000000000000E+00
  0.000000000000E+00  0.000000000000E+00  0.100000000000E+01
  0.000000000000E+00  0.000000000000E+00  0.000000000000E+00
  0.000000000000E+00  0.000000000000E+00 -0.100000000000E+01
 -0.100000000000E+01  0.000000000000E+00  0.000000000000E+00
  0.000000000000E+00 -0.100000000000E+01  0.000000000000E+00
  0.000000000000E+00  0.000000000000E+00  0.000000000000E+00
  0.000000000000E+00 -0.100000000000E+01  0.000000000000E+00
  0.000000000000E+00  0.000000000000E+00 -0.100000000000E+01
 -0.100000000000E+01  0.000000000000E+00  0.000000000000E+00
  0.000000000000E+00  0.000000000000E+00  0.000000000000E+00
  0.000000000000E+00  0.000000000000E+00  0.100000000000E+01
  0.100000000000E+01  0.000000000000E+00  0.000000000000E+00
  0.000000000000E+00 -0.100000000000E+01  0.000000000000E+00
  0.000000000000E+00  0.000000000000E+00  0.000000000000E+00
  0.000000000000E+00  0.100000000000E+01  0.000000000000E+00
  0.000000000000E+00  0.000000000000E+00 -0.100000000000E+01
  0.100000000000E+01  0.000000000000E+00  0.000000000000E+00
  0.000000000000E+00  0.000000000000E+00  0.000000000000E+00
  0.000000000000E+00  0.000000000000E+00 -0.100000000000E+01
  0.100000000000E+01  0.000000000000E+00  0.000000000000E+00
  0.000000000000E+00  0.100000000000E+01  0.000000000000E+00
  0.000000000000E+00  0.000000000000E+00  0.000000000000E+00
  0.000000000000E+00  0.100000000000E+01  0.000000000000E+00
  0.000000000000E+00  0.000000000000E+00  0.100000000000E+01
 -0.100000000000E+01  0.000000000000E+00  0.000000000000E+00
  0.000000000000E+00  0.000000000000E+00  0.000000000000E+00
  0.000000000000E+00  0.000000000000E+00  0.100000000000E+01
 -0.100000000000E+01  0.000000000000E+00  0.000000000000E+00
  0.000000000000E+00  0.100000000000E+01  0.000000000000E+00
  0.000000000000E+00  0.000000000000E+00  0.000000000000E+00
  0.000000000000E+00 -0.100000000000E+01  0.000000000000E+00
  0.000000000000E+00  0.000000000000E+00  0.100000000000E+01
  0.100000000000E+01  0.000000000000E+00  0.000000000000E+00
  0.000000000000E+00  0.000000000000E+00  0.000000000000E+00
  0.000000000000E+00  0.100000000000E+01  0.000000000000E+00
  0.100000000000E+01  0.000000000000E+00  0.000000000000E+00
  0.000000000000E+00  0.000000000000E+00  0.100000000000E+01
  0.000000000000E+00  0.000000000000E+00  0.000000000000E+00
  0.000000000000E+00 -0.100000000000E+01  0.000000000000E+00
 -0.100000000000E+01  0.000000000000E+00  0.000000000000E+00
  0.000000000000E+00  0.000000000000E+00  0.100000000000E+01
  0.000000000000E+00  0.000000000000E+00  0.000000000000E+00
  0.000000000000E+00 -0.100000000000E+01  0.000000000000E+00
  0.100000000000E+01  0.000000000000E+00  0.000000000000E+00
  0.000000000000E+00  0.000000000000E+00 -0.100000000000E+01
  0.000000000000E+00  0.000000000000E+00  0.000000000000E+00
  0.000000000000E+00  0.100000000000E+01  0.000000000000E+00
 -0.100000000000E+01  0.000000000000E+00  0.000000000000E+00
  0.000000000000E+00  0.000000000000E+00 -0.100000000000E+01
  0.000000000000E+00  0.000000000000E+00  0.000000000000E+00
  0.100000000000E+01  0.000000000000E+00  0.000000000000E+00
  0.000000000000E+00  0.000000000000E+00  0.100000000000E+01
  0.000000000000E+00  0.100000000000E+01  0.000000000000E+00
  0.000000000000E+00  0.000000000000E+00  0.000000000000E+00
  0.000000000000E+00  0.000000000000E+00  0.100000000000E+01
  0.000000000000E+00  0.100000000000E+01  0.000000000000E+00
  0.100000000000E+01  0.000000000000E+00  0.000000000000E+00
  0.000000000000E+00  0.000000000000E+00  0.000000000000E+00
 -0.100000000000E+01  0.000000000000E+00  0.000000000000E+00
  0.000000000000E+00  0.000000000000E+00 -0.100000000000E+01
  0.000000000000E+00  0.100000000000E+01  0.000000000000E+00
  0.000000000000E+00  0.000000000000E+00  0.000000000000E+00
  0.000000000000E+00  0.000000000000E+00  0.100000000000E+01
  0.000000000000E+00 -0.100000000000E+01  0.000000000000E+00
 -0.100000000000E+01  0.000000000000E+00  0.000000000000E+00
  0.000000000000E+00  0.000000000000E+00  0.000000000000E+00
 -0.100000000000E+01  0.000000000000E+00  0.000000000000E+00
  0.000000000000E+00  0.000000000000E+00  0.100000000000E+01
  0.000000000000E+00 -0.100000000000E+01  0.000000000000E+00
  0.000000000000E+00  0.000000000000E+00  0.000000000000E+00
  0.000000000000E+00  0.000000000000E+00 -0.100000000000E+01
  0.000000000000E+00 -0.100000000000E+01  0.000000000000E+00
  0.100000000000E+01  0.000000000000E+00  0.000000000000E+00
  0.000000000000E+00  0.000000000000E+00  0.000000000000E+00
  0.100000000000E+01  0.000000000000E+00  0.000000000000E+00
  0.000000000000E+00  0.000000000000E+00 -0.100000000000E+01
  0.000000000000E+00 -0.100000000000E+01  0.000000000000E+00
  0.000000000000E+00  0.000000000000E+00  0.000000000000E+00
  0.000000000000E+00  0.000000000000E+00 -0.100000000000E+01
  0.000000000000E+00  0.100000000000E+01  0.000000000000E+00
 -0.100000000000E+01  0.000000000000E+00  0.000000000000E+00
  0.000000000000E+00  0.000000000000E+00  0.000000000000E+00
    2
   12      0.000000000000      0.000000000000      0.000000000000
    8      2.102251394530      2.102251394530      2.102251394530
  225   48
