  112
UREA BULK BASE 6-21 + POLARIZATION                                              
 C    0.00000000000E+00  -2.78250000000E+00   1.52698400000E+00
 O    0.00000000000E+00  -2.78250000000E+00   2.78838520000E+00
 N    8.11933500000E-01  -1.97056650000E+00   8.27194400000E-01
 N   -8.11933500000E-01  -3.59443350000E+00   8.27194400000E-01
 H    8.01916500000E-01  -1.98058350000E+00  -1.77992000000E-01
 H    1.43298750000E+00  -1.34951250000E+00   1.32416680000E+00
 H   -8.01916500000E-01  -3.58441650000E+00  -1.77992000000E-01
 H   -1.43298750000E+00  -4.21548750000E+00   1.32416680000E+00
 C   -2.78250000000E+00   0.00000000000E+00  -1.52698400000E+00
 O   -2.78250000000E+00   0.00000000000E+00  -2.78838520000E+00
 N   -1.97056650000E+00  -8.11933500000E-01  -8.27194400000E-01
 N   -3.59443350000E+00   8.11933500000E-01  -8.27194400000E-01
 H   -1.98058350000E+00  -8.01916500000E-01   1.77992000000E-01
 H   -1.34951250000E+00  -1.43298750000E+00  -1.32416680000E+00
 H   -3.58441650000E+00   8.01916500000E-01   1.77992000000E-01
 H   -4.21548750000E+00   1.43298750000E+00  -1.32416680000E+00
 C    0.00000000000E+00  -2.78250000000E+00  -3.15701600000E+00
 O    0.00000000000E+00  -2.78250000000E+00  -1.89561480000E+00
 N    8.11933500000E-01  -1.97056650000E+00  -3.85680560000E+00
 N   -8.11933500000E-01  -3.59443350000E+00  -3.85680560000E+00
 H    8.01916500000E-01  -1.98058350000E+00  -4.86199200000E+00
 H    1.43298750000E+00  -1.34951250000E+00  -3.35983320000E+00
 H   -8.01916500000E-01  -3.58441650000E+00  -4.86199200000E+00
 H   -1.43298750000E+00  -4.21548750000E+00  -3.35983320000E+00
 C   -2.78250000000E+00   0.00000000000E+00  -6.21098400000E+00
 O   -2.78250000000E+00   0.00000000000E+00  -7.47238520000E+00
 N   -1.97056650000E+00  -8.11933500000E-01  -5.51119440000E+00
 N   -3.59443350000E+00   8.11933500000E-01  -5.51119440000E+00
 H   -1.98058350000E+00  -8.01916500000E-01  -4.50600800000E+00
 H   -1.34951250000E+00  -1.43298750000E+00  -6.00816680000E+00
 H   -3.58441650000E+00   8.01916500000E-01  -4.50600800000E+00
 H   -4.21548750000E+00   1.43298750000E+00  -6.00816680000E+00
 C    0.00000000000E+00  -2.78250000000E+00   6.21098400000E+00
 O    0.00000000000E+00  -2.78250000000E+00   7.47238520000E+00
 N    8.11933500000E-01  -1.97056650000E+00   5.51119440000E+00
 N   -8.11933500000E-01  -3.59443350000E+00   5.51119440000E+00
 H    8.01916500000E-01  -1.98058350000E+00   4.50600800000E+00
 H    1.43298750000E+00  -1.34951250000E+00   6.00816680000E+00
 H   -8.01916500000E-01  -3.58441650000E+00   4.50600800000E+00
 H   -1.43298750000E+00  -4.21548750000E+00   6.00816680000E+00
 C   -2.78250000000E+00   0.00000000000E+00   3.15701600000E+00
 O   -2.78250000000E+00   0.00000000000E+00   1.89561480000E+00
 N   -1.97056650000E+00  -8.11933500000E-01   3.85680560000E+00
 N   -3.59443350000E+00   8.11933500000E-01   3.85680560000E+00
 H   -1.98058350000E+00  -8.01916500000E-01   4.86199200000E+00
 H   -1.34951250000E+00  -1.43298750000E+00   3.35983320000E+00
 H   -3.58441650000E+00   8.01916500000E-01   4.86199200000E+00
 H   -4.21548750000E+00   1.43298750000E+00   3.35983320000E+00
 C   -5.56500000000E+00  -2.78250000000E+00   1.52698400000E+00
 O   -5.56500000000E+00  -2.78250000000E+00   2.78838520000E+00
 N   -4.75306650000E+00  -1.97056650000E+00   8.27194400000E-01
 N   -6.37693350000E+00  -3.59443350000E+00   8.27194400000E-01
 H   -4.76308350000E+00  -1.98058350000E+00  -1.77992000000E-01
 H   -4.13201250000E+00  -1.34951250000E+00   1.32416680000E+00
 H   -6.36691650000E+00  -3.58441650000E+00  -1.77992000000E-01
 H   -6.99798750000E+00  -4.21548750000E+00   1.32416680000E+00
 C   -8.34750000000E+00   0.00000000000E+00  -1.52698400000E+00
 O   -8.34750000000E+00   0.00000000000E+00  -2.78838520000E+00
 N   -7.53556650000E+00  -8.11933500000E-01  -8.27194400000E-01
 N   -9.15943350000E+00   8.11933500000E-01  -8.27194400000E-01
 H   -7.54558350000E+00  -8.01916500000E-01   1.77992000000E-01
 H   -6.91451250000E+00  -1.43298750000E+00  -1.32416680000E+00
 H   -9.14941650000E+00   8.01916500000E-01   1.77992000000E-01
 H   -9.78048750000E+00   1.43298750000E+00  -1.32416680000E+00
 C    5.56500000000E+00  -2.78250000000E+00   1.52698400000E+00
 O    5.56500000000E+00  -2.78250000000E+00   2.78838520000E+00
 N    6.37693350000E+00  -1.97056650000E+00   8.27194400000E-01
 N    4.75306650000E+00  -3.59443350000E+00   8.27194400000E-01
 H    6.36691650000E+00  -1.98058350000E+00  -1.77992000000E-01
 H    6.99798750000E+00  -1.34951250000E+00   1.32416680000E+00
 H    4.76308350000E+00  -3.58441650000E+00  -1.77992000000E-01
 H    4.13201250000E+00  -4.21548750000E+00   1.32416680000E+00
 C    2.78250000000E+00   0.00000000000E+00  -1.52698400000E+00
 O    2.78250000000E+00   0.00000000000E+00  -2.78838520000E+00
 N    3.59443350000E+00  -8.11933500000E-01  -8.27194400000E-01
 N    1.97056650000E+00   8.11933500000E-01  -8.27194400000E-01
 H    3.58441650000E+00  -8.01916500000E-01   1.77992000000E-01
 H    4.21548750000E+00  -1.43298750000E+00  -1.32416680000E+00
 H    1.98058350000E+00   8.01916500000E-01   1.77992000000E-01
 H    1.34951250000E+00   1.43298750000E+00  -1.32416680000E+00
 C    0.00000000000E+00  -8.34750000000E+00   1.52698400000E+00
 O    0.00000000000E+00  -8.34750000000E+00   2.78838520000E+00
 N    8.11933500000E-01  -7.53556650000E+00   8.27194400000E-01
 N   -8.11933500000E-01  -9.15943350000E+00   8.27194400000E-01
 H    8.01916500000E-01  -7.54558350000E+00  -1.77992000000E-01
 H    1.43298750000E+00  -6.91451250000E+00   1.32416680000E+00
 H   -8.01916500000E-01  -9.14941650000E+00  -1.77992000000E-01
 H   -1.43298750000E+00  -9.78048750000E+00   1.32416680000E+00
 C   -2.78250000000E+00  -5.56500000000E+00  -1.52698400000E+00
 O   -2.78250000000E+00  -5.56500000000E+00  -2.78838520000E+00
 N   -1.97056650000E+00  -6.37693350000E+00  -8.27194400000E-01
 N   -3.59443350000E+00  -4.75306650000E+00  -8.27194400000E-01
 H   -1.98058350000E+00  -6.36691650000E+00   1.77992000000E-01
 H   -1.34951250000E+00  -6.99798750000E+00  -1.32416680000E+00
 H   -3.58441650000E+00  -4.76308350000E+00   1.77992000000E-01
 H   -4.21548750000E+00  -4.13201250000E+00  -1.32416680000E+00
 C    0.00000000000E+00   2.78250000000E+00   1.52698400000E+00
 O    0.00000000000E+00   2.78250000000E+00   2.78838520000E+00
 N    8.11933500000E-01   3.59443350000E+00   8.27194400000E-01
 N   -8.11933500000E-01   1.97056650000E+00   8.27194400000E-01
 H    8.01916500000E-01   3.58441650000E+00  -1.77992000000E-01
 H    1.43298750000E+00   4.21548750000E+00   1.32416680000E+00
 H   -8.01916500000E-01   1.98058350000E+00  -1.77992000000E-01
 H   -1.43298750000E+00   1.34951250000E+00   1.32416680000E+00
 C   -2.78250000000E+00   5.56500000000E+00  -1.52698400000E+00
 O   -2.78250000000E+00   5.56500000000E+00  -2.78838520000E+00
 N   -1.97056650000E+00   4.75306650000E+00  -8.27194400000E-01
 N   -3.59443350000E+00   6.37693350000E+00  -8.27194400000E-01
 H   -1.98058350000E+00   4.76308350000E+00   1.77992000000E-01
 H   -1.34951250000E+00   4.13201250000E+00  -1.32416680000E+00
 H   -3.58441650000E+00   6.36691650000E+00   1.77992000000E-01
 H   -4.21548750000E+00   6.99798750000E+00  -1.32416680000E+00
