   0   1   1 E -2.2493011484150E+02 DE 4.6E-10(  7)
  0.500000000000E+03  0.000000000000E+00  0.000000000000E+00
  0.000000000000E+00  0.500000000000E+03  0.000000000000E+00
  0.000000000000E+00  0.000000000000E+00  0.500000000000E+03
    4
  0.100000000000E+01  0.000000000000E+00  0.000000000000E+00
  0.000000000000E+00  0.100000000000E+01  0.000000000000E+00
  0.000000000000E+00  0.000000000000E+00  0.100000000000E+01
  0.000000000000E+00  0.000000000000E+00  0.000000000000E+00
 -0.100000000000E+01  0.000000000000E+00  0.000000000000E+00
  0.000000000000E+00 -0.100000000000E+01  0.000000000000E+00
  0.000000000000E+00  0.000000000000E+00  0.100000000000E+01
  0.000000000000E+00  0.000000000000E+00  0.000000000000E+00
 -0.100000000000E+01  0.000000000000E+00  0.000000000000E+00
  0.000000000000E+00  0.100000000000E+01  0.000000000000E+00
  0.000000000000E+00  0.000000000000E+00  0.100000000000E+01
  0.000000000000E+00  0.000000000000E+00  0.000000000000E+00
  0.100000000000E+01  0.000000000000E+00  0.000000000000E+00
  0.000000000000E+00 -0.100000000000E+01  0.000000000000E+00
  0.000000000000E+00  0.000000000000E+00  0.100000000000E+01
  0.000000000000E+00  0.000000000000E+00  0.000000000000E+00
    8
    6      0.000000000000     -0.000000000000      0.041905443070
    8      0.000000000000     -0.000000000000      1.258840927217
    7      0.000000000000      1.155166457428     -0.710300248513
    7      0.000000000000     -1.155166457428     -0.710300248513
    1      0.000000000000      2.022765924821     -0.200327329426
    1      0.000000000000     -2.022765924821     -0.200327329426
    1      0.000000000000      1.178094409424     -1.716627107204
    1      0.000000000000     -1.178094409424     -1.716627107204
   15    4
