   0   1   1 E -2.2492495093336E+02 DE-8.6E-10(  9)
  0.500000000000E+03  0.000000000000E+00  0.000000000000E+00
  0.000000000000E+00  0.500000000000E+03  0.000000000000E+00
  0.000000000000E+00  0.000000000000E+00  0.500000000000E+03
    4
  0.100000000000E+01  0.000000000000E+00  0.000000000000E+00
  0.000000000000E+00  0.100000000000E+01  0.000000000000E+00
  0.000000000000E+00  0.000000000000E+00  0.100000000000E+01
  0.000000000000E+00  0.000000000000E+00  0.000000000000E+00
 -0.100000000000E+01  0.000000000000E+00  0.000000000000E+00
  0.000000000000E+00 -0.100000000000E+01  0.000000000000E+00
  0.000000000000E+00  0.000000000000E+00  0.100000000000E+01
  0.000000000000E+00  0.000000000000E+00  0.000000000000E+00
 -0.100000000000E+01  0.000000000000E+00  0.000000000000E+00
  0.000000000000E+00  0.100000000000E+01  0.000000000000E+00
  0.000000000000E+00  0.000000000000E+00  0.100000000000E+01
  0.000000000000E+00  0.000000000000E+00  0.000000000000E+00
  0.100000000000E+01  0.000000000000E+00  0.000000000000E+00
  0.000000000000E+00 -0.100000000000E+01  0.000000000000E+00
  0.000000000000E+00  0.000000000000E+00  0.100000000000E+01
  0.000000000000E+00  0.000000000000E+00  0.000000000000E+00
    8
    6      0.000000000000      0.000000000000      0.000000000000
    8      0.000000000000      0.000000000000      1.261401000000
    7      0.000000000000      1.148246660340     -0.699790000000
    7      0.000000000000     -1.148246660340     -0.699790000000
    1      0.000000000000      2.026549650100     -0.202817000000
    1      0.000000000000     -2.026549650100     -0.202817000000
    1      0.000000000000      1.134080483080     -1.704975000000
    1      0.000000000000     -1.134080483080     -1.704975000000
   15    4
