# Mulliken Populations: 
# NSPIN,NATOM
# IAT,NSHELL
# Xiat,Yiat,Ziat (AU)
# QTOT shell charges
# NORB
# orbital charges
         1          8
         6          4
     0.000    -0.000     0.080
     5.118     1.995     1.968     1.021     0.134
        14
     1.995     0.402     0.416     0.542     0.608     0.369     0.455     0.158
     0.039     0.024     0.027     0.058     0.009     0.016
         8          4
     0.000    -0.000     2.380
     8.558     1.996     2.562     3.966     0.034
        14
     1.996     0.434     0.666     0.808     0.654     1.463     0.814     0.929
     0.760     0.015     0.011     0.009     0.000     0.000
         7          4
     0.000     2.184    -1.341
     7.562     1.995     2.303     3.246     0.018
        14
     1.995     0.373     0.775     0.581     0.573     1.182     1.001     0.541
     0.522     0.004     0.001     0.005     0.004     0.002
         7          4
     0.000    -2.184    -1.341
     7.562     1.995     2.303     3.246     0.018
        14
     1.995     0.373     0.775     0.581     0.573     1.182     1.001     0.541
     0.522     0.004     0.001     0.005     0.004     0.002
         1          3
     0.000     3.826    -0.381
     0.788     0.455     0.299     0.033
         5
     0.455     0.299     0.008     0.016     0.008
         1          3
     0.000    -3.826    -0.381
     0.788     0.455     0.299     0.033
         5
     0.455     0.299     0.008     0.016     0.008
         1          3
     0.000     2.226    -3.244
     0.812     0.461     0.317     0.034
         5
     0.461     0.317     0.009     0.003     0.022
         1          3
     0.000    -2.226    -3.244
     0.812     0.461     0.317     0.034
         5
     0.461     0.317     0.009     0.003     0.022
