# Mulliken Populations: 
# NSPIN,NATOM
# IAT,NSHELL
# Xiat,Yiat,Ziat (AU)
# QTOT shell charges
# NORB
# orbital charges
         1         16
         6          4
     0.000    -5.258     2.886
     4.804     1.997     1.847     0.811     0.149
        14
     1.997     0.404     0.434     0.434     0.575     0.329     0.236     0.236
     0.011     0.028     0.043     0.043     0.024     0.012
         8          4
     0.000    -5.258     5.269
     8.780     1.997     2.502     4.250     0.030
        14
     1.997     0.408     0.744     0.744     0.606     1.517     0.976     0.976
     0.781     0.016     0.007     0.007     0.000     0.000
         7          4
     1.534    -3.724     1.563
     7.749     1.997     2.237     3.492     0.024
        14
     1.997     0.358     0.649     0.649     0.581     1.226     0.811     0.811
     0.644     0.005     0.005     0.005     0.003     0.005
         7          4
    -1.534    -6.792     1.563
     7.749     1.997     2.237     3.492     0.024
        14
     1.997     0.358     0.649     0.649     0.581     1.226     0.811     0.811
     0.644     0.005     0.005     0.005     0.003     0.005
         1          3
     1.515    -3.743    -0.336
     0.729     0.432     0.262     0.036
         5
     0.432     0.262     0.005     0.005     0.027
         1          3
     2.708    -2.550     2.502
     0.730     0.426     0.268     0.037
         5
     0.426     0.268     0.014     0.014     0.008
         1          3
    -1.515    -6.774    -0.336
     0.729     0.432     0.262     0.036
         5
     0.432     0.262     0.005     0.005     0.027
         1          3
    -2.708    -7.966     2.502
     0.730     0.426     0.268     0.037
         5
     0.426     0.268     0.014     0.014     0.008
         6          4
    -5.258     0.000    -2.886
     4.804     1.997     1.847     0.811     0.149
        14
     1.997     0.404     0.434     0.434     0.575     0.329     0.236     0.236
     0.011     0.028     0.043     0.043     0.024     0.012
         8          4
    -5.258     0.000    -5.269
     8.780     1.997     2.502     4.250     0.030
        14
     1.997     0.408     0.744     0.744     0.606     1.517     0.976     0.976
     0.781     0.016     0.007     0.007     0.000     0.000
         7          4
    -3.724    -1.534    -1.563
     7.749     1.997     2.237     3.492     0.024
        14
     1.997     0.358     0.649     0.649     0.581     1.226     0.811     0.811
     0.644     0.005     0.005     0.005     0.003     0.005
         7          4
    -6.792     1.534    -1.563
     7.749     1.997     2.237     3.492     0.024
        14
     1.997     0.358     0.649     0.649     0.581     1.226     0.811     0.811
     0.644     0.005     0.005     0.005     0.003     0.005
         1          3
    -3.743    -1.515     0.336
     0.729     0.432     0.262     0.036
         5
     0.432     0.262     0.005     0.005     0.027
         1          3
    -2.550    -2.708    -2.502
     0.730     0.426     0.268     0.037
         5
     0.426     0.268     0.014     0.014     0.008
         1          3
    -6.774     1.515     0.336
     0.729     0.432     0.262     0.036
         5
     0.432     0.262     0.005     0.005     0.027
         1          3
    -7.966     2.708    -2.502
     0.730     0.426     0.268     0.037
         5
     0.426     0.268     0.014     0.014     0.008
