   3   1   4 E -4.4768439163685E+02 DE-3.4E-08(  5)
  0.566197562136E+01  0.000000000000E+00  0.000000000000E+00
  0.000000000000E+00  0.566197562136E+01  0.000000000000E+00
  0.000000000000E+00  0.000000000000E+00  0.468229717086E+01
    8
  0.100000000000E+01  0.000000000000E+00  0.000000000000E+00
  0.000000000000E+00  0.100000000000E+01  0.000000000000E+00
  0.000000000000E+00  0.000000000000E+00  0.100000000000E+01
  0.000000000000E+00  0.000000000000E+00  0.000000000000E+00
 -0.100000000000E+01  0.000000000000E+00  0.000000000000E+00
  0.000000000000E+00 -0.100000000000E+01  0.000000000000E+00
  0.000000000000E+00  0.000000000000E+00  0.100000000000E+01
  0.000000000000E+00  0.000000000000E+00  0.000000000000E+00
  0.100000000000E+01  0.000000000000E+00  0.000000000000E+00
  0.000000000000E+00 -0.100000000000E+01  0.000000000000E+00
  0.000000000000E+00  0.000000000000E+00 -0.100000000000E+01
  0.283098781068E+01  0.283098781068E+01  0.000000000000E+00
 -0.100000000000E+01  0.000000000000E+00  0.000000000000E+00
  0.000000000000E+00  0.100000000000E+01  0.000000000000E+00
  0.000000000000E+00  0.000000000000E+00 -0.100000000000E+01
  0.283098781068E+01  0.283098781068E+01  0.000000000000E+00
  0.000000000000E+00  0.100000000000E+01  0.000000000000E+00
  0.100000000000E+01  0.000000000000E+00  0.000000000000E+00
  0.000000000000E+00  0.000000000000E+00  0.100000000000E+01
  0.283098781068E+01  0.283098781068E+01  0.000000000000E+00
  0.000000000000E+00 -0.100000000000E+01  0.000000000000E+00
 -0.100000000000E+01  0.000000000000E+00  0.000000000000E+00
  0.000000000000E+00  0.000000000000E+00  0.100000000000E+01
  0.283098781068E+01  0.283098781068E+01  0.000000000000E+00
  0.000000000000E+00 -0.100000000000E+01  0.000000000000E+00
  0.100000000000E+01  0.000000000000E+00  0.000000000000E+00
  0.000000000000E+00  0.000000000000E+00 -0.100000000000E+01
  0.000000000000E+00  0.000000000000E+00  0.000000000000E+00
  0.000000000000E+00  0.100000000000E+01  0.000000000000E+00
 -0.100000000000E+01  0.000000000000E+00  0.000000000000E+00
  0.000000000000E+00  0.000000000000E+00 -0.100000000000E+01
  0.000000000000E+00  0.000000000000E+00  0.000000000000E+00
   16
    6      0.000000000000      2.830987810681      1.518681739923
    6      2.830987810681      0.000000000000     -1.518681739923
    8      0.000000000000      2.830987810681     -1.920415405568
    8      2.830987810681      0.000000000000      1.920415405568
    7      0.802066627176     -2.028921183505      0.817324290782
    7     -0.802066627176      2.028921183505      0.817324290782
    7     -2.028921183505     -0.802066627176     -0.817324290782
    7      2.028921183505      0.802066627176     -0.817324290782
    1      1.418811266897     -1.412176543784      1.299499385603
    1     -1.418811266897      1.412176543784      1.299499385603
    1     -1.412176543784     -1.418811266897     -1.299499385603
    1      1.412176543784      1.418811266897     -1.299499385603
    1      0.788005125255     -2.042982685426     -0.178673843021
    1     -0.788005125255      2.042982685426     -0.178673843021
    1     -2.042982685426     -0.788005125255      0.178673843021
    1      2.042982685426      0.788005125255      0.178673843021
  113    8
