   3   1   4 E -4.4768437568429E+02 DE-1.4E-08(  7)
  0.565706572989E+01  0.000000000000E+00  0.000000000000E+00
  0.000000000000E+00  0.565706572989E+01  0.000000000000E+00
  0.000000000000E+00  0.000000000000E+00  0.468297126750E+01
    8
  0.100000000000E+01  0.000000000000E+00  0.000000000000E+00
  0.000000000000E+00  0.100000000000E+01  0.000000000000E+00
  0.000000000000E+00  0.000000000000E+00  0.100000000000E+01
  0.000000000000E+00  0.000000000000E+00  0.000000000000E+00
 -0.100000000000E+01  0.000000000000E+00  0.000000000000E+00
  0.000000000000E+00 -0.100000000000E+01  0.000000000000E+00
  0.000000000000E+00  0.000000000000E+00  0.100000000000E+01
  0.000000000000E+00  0.000000000000E+00  0.000000000000E+00
  0.100000000000E+01  0.000000000000E+00  0.000000000000E+00
  0.000000000000E+00 -0.100000000000E+01  0.000000000000E+00
  0.000000000000E+00  0.000000000000E+00 -0.100000000000E+01
  0.282853286494E+01  0.282853286494E+01  0.000000000000E+00
 -0.100000000000E+01  0.000000000000E+00  0.000000000000E+00
  0.000000000000E+00  0.100000000000E+01  0.000000000000E+00
  0.000000000000E+00  0.000000000000E+00 -0.100000000000E+01
  0.282853286494E+01  0.282853286494E+01  0.000000000000E+00
  0.000000000000E+00  0.100000000000E+01  0.000000000000E+00
  0.100000000000E+01  0.000000000000E+00  0.000000000000E+00
  0.000000000000E+00  0.000000000000E+00  0.100000000000E+01
  0.282853286494E+01  0.282853286494E+01  0.000000000000E+00
  0.000000000000E+00 -0.100000000000E+01  0.000000000000E+00
 -0.100000000000E+01  0.000000000000E+00  0.000000000000E+00
  0.000000000000E+00  0.000000000000E+00  0.100000000000E+01
  0.282853286494E+01  0.282853286494E+01  0.000000000000E+00
  0.000000000000E+00 -0.100000000000E+01  0.000000000000E+00
  0.100000000000E+01  0.000000000000E+00  0.000000000000E+00
  0.000000000000E+00  0.000000000000E+00 -0.100000000000E+01
  0.000000000000E+00  0.000000000000E+00  0.000000000000E+00
  0.000000000000E+00  0.100000000000E+01  0.000000000000E+00
 -0.100000000000E+01  0.000000000000E+00  0.000000000000E+00
  0.000000000000E+00  0.000000000000E+00 -0.100000000000E+01
  0.000000000000E+00  0.000000000000E+00  0.000000000000E+00
   16
    6      0.000000000000      2.828532864944      1.522571286435
    6      2.828532864944      0.000000000000     -1.522571286435
    8      0.000000000000      2.828532864944     -1.916560522463
    8      2.828532864944      0.000000000000      1.916560522463
    7      0.802210348549     -2.026322516395      0.821036238269
    7     -0.802210348549      2.026322516395      0.821036238269
    7     -2.026322516395     -0.802210348549     -0.821036238269
    7      2.026322516395      0.802210348549     -0.821036238269
    1      1.419219386396     -1.409313478548      1.302588776264
    1     -1.419219386396      1.409313478548      1.302588776264
    1     -1.409313478548     -1.419219386396     -1.302588776264
    1      1.409313478548      1.419219386396     -1.302588776264
    1      0.788761992605     -2.039770872339     -0.175006735168
    1     -0.788761992605      2.039770872339     -0.175006735168
    1     -2.039770872339     -0.788761992605      0.175006735168
    1      2.039770872339      0.788761992605      0.175006735168
  113    8
