   3   1   4 E -4.4768445616066E+02 DE 2.0E-08(  5)
  0.564906167626E+01  0.000000000000E+00  0.000000000000E+00
  0.000000000000E+00  0.564906167626E+01  0.000000000000E+00
  0.000000000000E+00  0.000000000000E+00  0.467945287181E+01
    8
  0.100000000000E+01  0.000000000000E+00  0.000000000000E+00
  0.000000000000E+00  0.100000000000E+01  0.000000000000E+00
  0.000000000000E+00  0.000000000000E+00  0.100000000000E+01
  0.000000000000E+00  0.000000000000E+00  0.000000000000E+00
 -0.100000000000E+01  0.000000000000E+00  0.000000000000E+00
  0.000000000000E+00 -0.100000000000E+01  0.000000000000E+00
  0.000000000000E+00  0.000000000000E+00  0.100000000000E+01
  0.000000000000E+00  0.000000000000E+00  0.000000000000E+00
  0.100000000000E+01  0.000000000000E+00  0.000000000000E+00
  0.000000000000E+00 -0.100000000000E+01  0.000000000000E+00
  0.000000000000E+00  0.000000000000E+00 -0.100000000000E+01
  0.282453083813E+01  0.282453083813E+01  0.000000000000E+00
 -0.100000000000E+01  0.000000000000E+00  0.000000000000E+00
  0.000000000000E+00  0.100000000000E+01  0.000000000000E+00
  0.000000000000E+00  0.000000000000E+00 -0.100000000000E+01
  0.282453083813E+01  0.282453083813E+01  0.000000000000E+00
  0.000000000000E+00  0.100000000000E+01  0.000000000000E+00
  0.100000000000E+01  0.000000000000E+00  0.000000000000E+00
  0.000000000000E+00  0.000000000000E+00  0.100000000000E+01
  0.282453083813E+01  0.282453083813E+01  0.000000000000E+00
  0.000000000000E+00 -0.100000000000E+01  0.000000000000E+00
 -0.100000000000E+01  0.000000000000E+00  0.000000000000E+00
  0.000000000000E+00  0.000000000000E+00  0.100000000000E+01
  0.282453083813E+01  0.282453083813E+01  0.000000000000E+00
  0.000000000000E+00 -0.100000000000E+01  0.000000000000E+00
  0.100000000000E+01  0.000000000000E+00  0.000000000000E+00
  0.000000000000E+00  0.000000000000E+00 -0.100000000000E+01
  0.000000000000E+00  0.000000000000E+00  0.000000000000E+00
  0.000000000000E+00  0.100000000000E+01  0.000000000000E+00
 -0.100000000000E+01  0.000000000000E+00  0.000000000000E+00
  0.000000000000E+00  0.000000000000E+00 -0.100000000000E+01
  0.000000000000E+00  0.000000000000E+00  0.000000000000E+00
   16
    6      0.000000000000      2.824530838130      1.504770290017
    6      2.824530838130      0.000000000000     -1.504770290017
    8      0.000000000000      2.824530838130     -1.931434309803
    8      2.824530838130      0.000000000000      1.931434309803
    7      0.802057198994     -2.022473639136      0.803645065732
    7     -0.802057198994      2.022473639136      0.803645065732
    7     -2.022473639136     -0.802057198994     -0.803645065732
    7      2.022473639136      0.802057198994     -0.803645065732
    1      1.418658351409     -1.405872486721      1.286142191287
    1     -1.418658351409      1.405872486721      1.286142191287
    1     -1.405872486721     -1.418658351409     -1.286142191287
    1      1.405872486721      1.418658351409     -1.286142191287
    1      0.788204692726     -2.036326145404     -0.192361639409
    1     -0.788204692726      2.036326145404     -0.192361639409
    1     -2.036326145404     -0.788204692726      0.192361639409
    1      2.036326145404      0.788204692726      0.192361639409
  113    8
