   3   1   4 E -4.4768440165497E+02 DE-6.6E-08(  3)
  0.566152538763E+01  0.000000000000E+00  0.000000000000E+00
  0.000000000000E+00  0.566152538763E+01  0.000000000000E+00
  0.000000000000E+00  0.000000000000E+00  0.468090817087E+01
    8
  0.100000000000E+01  0.000000000000E+00  0.000000000000E+00
  0.000000000000E+00  0.100000000000E+01  0.000000000000E+00
  0.000000000000E+00  0.000000000000E+00  0.100000000000E+01
  0.000000000000E+00  0.000000000000E+00  0.000000000000E+00
 -0.100000000000E+01  0.000000000000E+00  0.000000000000E+00
  0.000000000000E+00 -0.100000000000E+01  0.000000000000E+00
  0.000000000000E+00  0.000000000000E+00  0.100000000000E+01
  0.000000000000E+00  0.000000000000E+00  0.000000000000E+00
  0.100000000000E+01  0.000000000000E+00  0.000000000000E+00
  0.000000000000E+00 -0.100000000000E+01  0.000000000000E+00
  0.000000000000E+00  0.000000000000E+00 -0.100000000000E+01
  0.283076269381E+01  0.283076269381E+01  0.000000000000E+00
 -0.100000000000E+01  0.000000000000E+00  0.000000000000E+00
  0.000000000000E+00  0.100000000000E+01  0.000000000000E+00
  0.000000000000E+00  0.000000000000E+00 -0.100000000000E+01
  0.283076269381E+01  0.283076269381E+01  0.000000000000E+00
  0.000000000000E+00  0.100000000000E+01  0.000000000000E+00
  0.100000000000E+01  0.000000000000E+00  0.000000000000E+00
  0.000000000000E+00  0.000000000000E+00  0.100000000000E+01
  0.283076269381E+01  0.283076269381E+01  0.000000000000E+00
  0.000000000000E+00 -0.100000000000E+01  0.000000000000E+00
 -0.100000000000E+01  0.000000000000E+00  0.000000000000E+00
  0.000000000000E+00  0.000000000000E+00  0.100000000000E+01
  0.283076269381E+01  0.283076269381E+01  0.000000000000E+00
  0.000000000000E+00 -0.100000000000E+01  0.000000000000E+00
  0.100000000000E+01  0.000000000000E+00  0.000000000000E+00
  0.000000000000E+00  0.000000000000E+00 -0.100000000000E+01
  0.000000000000E+00  0.000000000000E+00  0.000000000000E+00
  0.000000000000E+00  0.100000000000E+01  0.000000000000E+00
 -0.100000000000E+01  0.000000000000E+00  0.000000000000E+00
  0.000000000000E+00  0.000000000000E+00 -0.100000000000E+01
  0.000000000000E+00  0.000000000000E+00  0.000000000000E+00
   16
    6      0.000000000000      2.830762693815      1.513594373329
    6      2.830762693815      0.000000000000     -1.513594373329
    8      0.000000000000      2.830762693815     -1.924329558482
    8      2.830762693815      0.000000000000      1.924329558482
    7      0.801866939475     -2.028895754340      0.812303332018
    7     -0.801866939475      2.028895754340      0.812303332018
    7     -2.028895754340     -0.801866939475     -0.812303332018
    7      2.028895754340      0.801866939475     -0.812303332018
    1      1.418238102284     -1.412524591531      1.295201880367
    1     -1.418238102284      1.412524591531      1.295201880367
    1     -1.412524591531     -1.418238102284     -1.295201880367
    1      1.412524591531      1.418238102284     -1.295201880367
    1      0.787491505707     -2.043271188107     -0.183649604423
    1     -0.787491505707      2.043271188107     -0.183649604423
    1     -2.043271188107     -0.787491505707      0.183649604423
    1      2.043271188107      0.787491505707      0.183649604423
  113    8
