   3   1   4 E -4.4768440890248E+02 DE-1.8E-09(  5)
  0.565701201167E+01  0.000000000000E+00  0.000000000000E+00
  0.000000000000E+00  0.565701201167E+01  0.000000000000E+00
  0.000000000000E+00  0.000000000000E+00  0.467886756259E+01
    8
  0.100000000000E+01  0.000000000000E+00  0.000000000000E+00
  0.000000000000E+00  0.100000000000E+01  0.000000000000E+00
  0.000000000000E+00  0.000000000000E+00  0.100000000000E+01
  0.000000000000E+00  0.000000000000E+00  0.000000000000E+00
 -0.100000000000E+01  0.000000000000E+00  0.000000000000E+00
  0.000000000000E+00 -0.100000000000E+01  0.000000000000E+00
  0.000000000000E+00  0.000000000000E+00  0.100000000000E+01
  0.000000000000E+00  0.000000000000E+00  0.000000000000E+00
  0.100000000000E+01  0.000000000000E+00  0.000000000000E+00
  0.000000000000E+00 -0.100000000000E+01  0.000000000000E+00
  0.000000000000E+00  0.000000000000E+00 -0.100000000000E+01
  0.282850600584E+01  0.282850600584E+01  0.000000000000E+00
 -0.100000000000E+01  0.000000000000E+00  0.000000000000E+00
  0.000000000000E+00  0.100000000000E+01  0.000000000000E+00
  0.000000000000E+00  0.000000000000E+00 -0.100000000000E+01
  0.282850600584E+01  0.282850600584E+01  0.000000000000E+00
  0.000000000000E+00  0.100000000000E+01  0.000000000000E+00
  0.100000000000E+01  0.000000000000E+00  0.000000000000E+00
  0.000000000000E+00  0.000000000000E+00  0.100000000000E+01
  0.282850600584E+01  0.282850600584E+01  0.000000000000E+00
  0.000000000000E+00 -0.100000000000E+01  0.000000000000E+00
 -0.100000000000E+01  0.000000000000E+00  0.000000000000E+00
  0.000000000000E+00  0.000000000000E+00  0.100000000000E+01
  0.282850600584E+01  0.282850600584E+01  0.000000000000E+00
  0.000000000000E+00 -0.100000000000E+01  0.000000000000E+00
  0.100000000000E+01  0.000000000000E+00  0.000000000000E+00
  0.000000000000E+00  0.000000000000E+00 -0.100000000000E+01
  0.000000000000E+00  0.000000000000E+00  0.000000000000E+00
  0.000000000000E+00  0.100000000000E+01  0.000000000000E+00
 -0.100000000000E+01  0.000000000000E+00  0.000000000000E+00
  0.000000000000E+00  0.000000000000E+00 -0.100000000000E+01
  0.000000000000E+00  0.000000000000E+00  0.000000000000E+00
   16
    6      0.000000000000      2.828506005837      1.507885930846
    6      2.828506005837      0.000000000000     -1.507885930846
    8      0.000000000000      2.828506005837     -1.928045662089
    8      2.828506005837      0.000000000000      1.928045662089
    7      0.801966342761     -2.026539663076      0.806891348403
    7     -0.801966342761      2.026539663076      0.806891348403
    7     -2.026539663076     -0.801966342761     -0.806891348403
    7      2.026539663076      0.801966342761     -0.806891348403
    1      1.418203654212     -1.410302351625      1.290185949025
    1     -1.418203654212      1.410302351625      1.290185949025
    1     -1.410302351625     -1.418203654212     -1.290185949025
    1      1.410302351625      1.418203654212     -1.290185949025
    1      0.787577173823     -2.040928832014     -0.189044292444
    1     -0.787577173823      2.040928832014     -0.189044292444
    1     -2.040928832014     -0.787577173823      0.189044292444
    1      2.040928832014      0.787577173823      0.189044292444
  113    8
