   3   1   4 E -4.4768441032961E+02 DE 7.0E-09(  5)
  0.565120396943E+01  0.000000000000E+00  0.000000000000E+00
  0.000000000000E+00  0.565120396943E+01  0.000000000000E+00
  0.000000000000E+00  0.000000000000E+00  0.467863583063E+01
    8
  0.100000000000E+01  0.000000000000E+00  0.000000000000E+00
  0.000000000000E+00  0.100000000000E+01  0.000000000000E+00
  0.000000000000E+00  0.000000000000E+00  0.100000000000E+01
  0.000000000000E+00  0.000000000000E+00  0.000000000000E+00
 -0.100000000000E+01  0.000000000000E+00  0.000000000000E+00
  0.000000000000E+00 -0.100000000000E+01  0.000000000000E+00
  0.000000000000E+00  0.000000000000E+00  0.100000000000E+01
  0.000000000000E+00  0.000000000000E+00  0.000000000000E+00
  0.100000000000E+01  0.000000000000E+00  0.000000000000E+00
  0.000000000000E+00 -0.100000000000E+01  0.000000000000E+00
  0.000000000000E+00  0.000000000000E+00 -0.100000000000E+01
  0.282560198471E+01  0.282560198471E+01  0.000000000000E+00
 -0.100000000000E+01  0.000000000000E+00  0.000000000000E+00
  0.000000000000E+00  0.100000000000E+01  0.000000000000E+00
  0.000000000000E+00  0.000000000000E+00 -0.100000000000E+01
  0.282560198471E+01  0.282560198471E+01  0.000000000000E+00
  0.000000000000E+00  0.100000000000E+01  0.000000000000E+00
  0.100000000000E+01  0.000000000000E+00  0.000000000000E+00
  0.000000000000E+00  0.000000000000E+00  0.100000000000E+01
  0.282560198471E+01  0.282560198471E+01  0.000000000000E+00
  0.000000000000E+00 -0.100000000000E+01  0.000000000000E+00
 -0.100000000000E+01  0.000000000000E+00  0.000000000000E+00
  0.000000000000E+00  0.000000000000E+00  0.100000000000E+01
  0.282560198471E+01  0.282560198471E+01  0.000000000000E+00
  0.000000000000E+00 -0.100000000000E+01  0.000000000000E+00
  0.100000000000E+01  0.000000000000E+00  0.000000000000E+00
  0.000000000000E+00  0.000000000000E+00 -0.100000000000E+01
  0.000000000000E+00  0.000000000000E+00  0.000000000000E+00
  0.000000000000E+00  0.100000000000E+01  0.000000000000E+00
 -0.100000000000E+01  0.000000000000E+00  0.000000000000E+00
  0.000000000000E+00  0.000000000000E+00 -0.100000000000E+01
  0.000000000000E+00  0.000000000000E+00  0.000000000000E+00
   16
    6      0.000000000000      2.825601984714      1.504587780300
    6      2.825601984714      0.000000000000     -1.504587780300
    8      0.000000000000      2.825601984714     -1.930841357915
    8      2.825601984714      0.000000000000      1.930841357915
    7      0.801928581845     -2.023673402869      0.803447291809
    7     -0.801928581845      2.023673402869      0.803447291809
    7     -2.023673402869     -0.801928581845     -0.803447291809
    7      2.023673402869      0.801928581845     -0.803447291809
    1      1.418289616411     -1.407312368303      1.286442478566
    1     -1.418289616411      1.407312368303      1.286442478566
    1     -1.407312368303     -1.418289616411     -1.286442478566
    1      1.407312368303      1.418289616411     -1.286442478566
    1      0.787860627533     -2.037741357181     -0.192554015295
    1     -0.787860627533      2.037741357181     -0.192554015295
    1     -2.037741357181     -0.787860627533      0.192554015295
    1      2.037741357181      0.787860627533      0.192554015295
  113    8
