   3   1   4 E -4.4768404575746E+02 DE-2.0E-08(  7)
  0.559301587962E+01  0.000000000000E+00  0.000000000000E+00
  0.000000000000E+00  0.559301587962E+01  0.000000000000E+00
  0.000000000000E+00  0.000000000000E+00  0.466722574918E+01
    8
  0.100000000000E+01  0.000000000000E+00  0.000000000000E+00
  0.000000000000E+00  0.100000000000E+01  0.000000000000E+00
  0.000000000000E+00  0.000000000000E+00  0.100000000000E+01
  0.000000000000E+00  0.000000000000E+00  0.000000000000E+00
 -0.100000000000E+01  0.000000000000E+00  0.000000000000E+00
  0.000000000000E+00 -0.100000000000E+01  0.000000000000E+00
  0.000000000000E+00  0.000000000000E+00  0.100000000000E+01
  0.000000000000E+00  0.000000000000E+00  0.000000000000E+00
  0.100000000000E+01  0.000000000000E+00  0.000000000000E+00
  0.000000000000E+00 -0.100000000000E+01  0.000000000000E+00
  0.000000000000E+00  0.000000000000E+00 -0.100000000000E+01
  0.279650793981E+01  0.279650793981E+01  0.000000000000E+00
 -0.100000000000E+01  0.000000000000E+00  0.000000000000E+00
  0.000000000000E+00  0.100000000000E+01  0.000000000000E+00
  0.000000000000E+00  0.000000000000E+00 -0.100000000000E+01
  0.279650793981E+01  0.279650793981E+01  0.000000000000E+00
  0.000000000000E+00  0.100000000000E+01  0.000000000000E+00
  0.100000000000E+01  0.000000000000E+00  0.000000000000E+00
  0.000000000000E+00  0.000000000000E+00  0.100000000000E+01
  0.279650793981E+01  0.279650793981E+01  0.000000000000E+00
  0.000000000000E+00 -0.100000000000E+01  0.000000000000E+00
 -0.100000000000E+01  0.000000000000E+00  0.000000000000E+00
  0.000000000000E+00  0.000000000000E+00  0.100000000000E+01
  0.279650793981E+01  0.279650793981E+01  0.000000000000E+00
  0.000000000000E+00 -0.100000000000E+01  0.000000000000E+00
  0.100000000000E+01  0.000000000000E+00  0.000000000000E+00
  0.000000000000E+00  0.000000000000E+00 -0.100000000000E+01
  0.000000000000E+00  0.000000000000E+00  0.000000000000E+00
  0.000000000000E+00  0.100000000000E+01  0.000000000000E+00
 -0.100000000000E+01  0.000000000000E+00  0.000000000000E+00
  0.000000000000E+00  0.000000000000E+00 -0.100000000000E+01
  0.000000000000E+00  0.000000000000E+00  0.000000000000E+00
   16
    6      0.000000000000      2.796507939811      1.521595738226
    6      2.796507939811      0.000000000000     -1.521595738226
    8      0.000000000000      2.796507939811     -1.898896868068
    8      2.796507939811      0.000000000000      1.898896868068
    7      0.802594139398     -1.993913800412      0.825771456945
    7     -0.802594139398      1.993913800412      0.825771456945
    7     -1.993913800412     -0.802594139398     -0.825771456945
    7      1.993913800412      0.802594139398     -0.825771456945
    1      1.418630438303     -1.377877501507      1.311124555811
    1     -1.418630438303      1.377877501507      1.311124555811
    1     -1.377877501507     -1.418630438303     -1.311124555811
    1      1.377877501507      1.418630438303     -1.311124555811
    1      0.793047343448     -2.003460596363     -0.169673792488
    1     -0.793047343448      2.003460596363     -0.169673792488
    1     -2.003460596363     -0.793047343448      0.169673792488
    1      2.003460596363      0.793047343448      0.169673792488
  113    8
