   3   1   4 E -4.4768428746857E+02 DE-2.2E-08(  7)
  0.563149326414E+01  0.000000000000E+00  0.000000000000E+00
  0.000000000000E+00  0.563149326414E+01  0.000000000000E+00
  0.000000000000E+00  0.000000000000E+00  0.467813526528E+01
    8
  0.100000000000E+01  0.000000000000E+00  0.000000000000E+00
  0.000000000000E+00  0.100000000000E+01  0.000000000000E+00
  0.000000000000E+00  0.000000000000E+00  0.100000000000E+01
  0.000000000000E+00  0.000000000000E+00  0.000000000000E+00
 -0.100000000000E+01  0.000000000000E+00  0.000000000000E+00
  0.000000000000E+00 -0.100000000000E+01  0.000000000000E+00
  0.000000000000E+00  0.000000000000E+00  0.100000000000E+01
  0.000000000000E+00  0.000000000000E+00  0.000000000000E+00
  0.100000000000E+01  0.000000000000E+00  0.000000000000E+00
  0.000000000000E+00 -0.100000000000E+01  0.000000000000E+00
  0.000000000000E+00  0.000000000000E+00 -0.100000000000E+01
  0.281574663207E+01  0.281574663207E+01  0.000000000000E+00
 -0.100000000000E+01  0.000000000000E+00  0.000000000000E+00
  0.000000000000E+00  0.100000000000E+01  0.000000000000E+00
  0.000000000000E+00  0.000000000000E+00 -0.100000000000E+01
  0.281574663207E+01  0.281574663207E+01  0.000000000000E+00
  0.000000000000E+00  0.100000000000E+01  0.000000000000E+00
  0.100000000000E+01  0.000000000000E+00  0.000000000000E+00
  0.000000000000E+00  0.000000000000E+00  0.100000000000E+01
  0.281574663207E+01  0.281574663207E+01  0.000000000000E+00
  0.000000000000E+00 -0.100000000000E+01  0.000000000000E+00
 -0.100000000000E+01  0.000000000000E+00  0.000000000000E+00
  0.000000000000E+00  0.000000000000E+00  0.100000000000E+01
  0.281574663207E+01  0.281574663207E+01  0.000000000000E+00
  0.000000000000E+00 -0.100000000000E+01  0.000000000000E+00
  0.100000000000E+01  0.000000000000E+00  0.000000000000E+00
  0.000000000000E+00  0.000000000000E+00 -0.100000000000E+01
  0.000000000000E+00  0.000000000000E+00  0.000000000000E+00
  0.000000000000E+00  0.100000000000E+01  0.000000000000E+00
 -0.100000000000E+01  0.000000000000E+00  0.000000000000E+00
  0.000000000000E+00  0.000000000000E+00 -0.100000000000E+01
  0.000000000000E+00  0.000000000000E+00  0.000000000000E+00
   16
    6      0.000000000000      2.815746632068      1.524556211174
    6      2.815746632068      0.000000000000     -1.524556211174
    8      0.000000000000      2.815746632068     -1.908006128407
    8      2.815746632068      0.000000000000      1.908006128407
    7      0.802883633494     -2.012862998574      0.824964382625
    7     -0.802883633494      2.012862998574      0.824964382625
    7     -2.012862998574     -0.802883633494     -0.824964382625
    7      2.012862998574      0.802883633494     -0.824964382625
    1      1.420108239192     -1.395638392877      1.307520434609
    1     -1.420108239192      1.395638392877      1.307520434609
    1     -1.395638392877     -1.420108239192     -1.307520434609
    1      1.395638392877      1.420108239192     -1.307520434609
    1      0.791189336520     -2.024557295548     -0.171298210558
    1     -0.791189336520      2.024557295548     -0.171298210558
    1     -2.024557295548     -0.791189336520      0.171298210558
    1      2.024557295548      0.791189336520      0.171298210558
  113    8
