   3   1   4 E -4.4768347983606E+02 DE 2.4E-09(  8)
  0.556105183471E+01  0.000000000000E+00  0.000000000000E+00
  0.000000000000E+00  0.556105183471E+01  0.000000000000E+00
  0.000000000000E+00  0.000000000000E+00  0.465135209482E+01
    8
  0.100000000000E+01  0.000000000000E+00  0.000000000000E+00
  0.000000000000E+00  0.100000000000E+01  0.000000000000E+00
  0.000000000000E+00  0.000000000000E+00  0.100000000000E+01
  0.000000000000E+00  0.000000000000E+00  0.000000000000E+00
 -0.100000000000E+01  0.000000000000E+00  0.000000000000E+00
  0.000000000000E+00 -0.100000000000E+01  0.000000000000E+00
  0.000000000000E+00  0.000000000000E+00  0.100000000000E+01
  0.000000000000E+00  0.000000000000E+00  0.000000000000E+00
  0.100000000000E+01  0.000000000000E+00  0.000000000000E+00
  0.000000000000E+00 -0.100000000000E+01  0.000000000000E+00
  0.000000000000E+00  0.000000000000E+00 -0.100000000000E+01
  0.278052591736E+01  0.278052591736E+01  0.000000000000E+00
 -0.100000000000E+01  0.000000000000E+00  0.000000000000E+00
  0.000000000000E+00  0.100000000000E+01  0.000000000000E+00
  0.000000000000E+00  0.000000000000E+00 -0.100000000000E+01
  0.278052591736E+01  0.278052591736E+01  0.000000000000E+00
  0.000000000000E+00  0.100000000000E+01  0.000000000000E+00
  0.100000000000E+01  0.000000000000E+00  0.000000000000E+00
  0.000000000000E+00  0.000000000000E+00  0.100000000000E+01
  0.278052591736E+01  0.278052591736E+01  0.000000000000E+00
  0.000000000000E+00 -0.100000000000E+01  0.000000000000E+00
 -0.100000000000E+01  0.000000000000E+00  0.000000000000E+00
  0.000000000000E+00  0.000000000000E+00  0.100000000000E+01
  0.278052591736E+01  0.278052591736E+01  0.000000000000E+00
  0.000000000000E+00 -0.100000000000E+01  0.000000000000E+00
  0.100000000000E+01  0.000000000000E+00  0.000000000000E+00
  0.000000000000E+00  0.000000000000E+00 -0.100000000000E+01
  0.000000000000E+00  0.000000000000E+00  0.000000000000E+00
  0.000000000000E+00  0.100000000000E+01  0.000000000000E+00
 -0.100000000000E+01  0.000000000000E+00  0.000000000000E+00
  0.000000000000E+00  0.000000000000E+00 -0.100000000000E+01
  0.000000000000E+00  0.000000000000E+00  0.000000000000E+00
   16
    6      0.000000000000      2.780525917357      1.513535067268
    6      2.780525917357      0.000000000000     -1.513535067268
    8      0.000000000000      2.780525917357     -1.894656293842
    8      2.780525917357      0.000000000000      1.894656293842
    7      0.800099422029     -1.980426495328      0.824251546637
    7     -0.800099422029      1.980426495328      0.824251546637
    7     -1.980426495328     -0.800099422029     -0.824251546637
    7      1.980426495328      0.800099422029     -0.824251546637
    1      1.414984407340     -1.365541510017      1.313892139744
    1     -1.414984407340      1.365541510017      1.313892139744
    1     -1.365541510017     -1.414984407340     -1.313892139744
    1      1.365541510017      1.414984407340     -1.313892139744
    1      0.792493616177     -1.988032301180     -0.171097534695
    1     -0.792493616177      1.988032301180     -0.171097534695
    1     -1.988032301180     -0.792493616177      0.171097534695
    1      1.988032301180      0.792493616177      0.171097534695
  113    8
