# NKPT   121 NBND    26 NSPIN     1
# NPANEL     6
#      1   (0,0,0)/2
#     24   (1,1,0)/2
#     41   (0,1,0)/2
#     61   (0,1,1)/2
#     78   (1,1,1)/2
#    101   (0,0,1)/2
#    121   (0,0,0)/2
@ WITH G0
@ G0 ON
@ TITLE "BAND STRUCTURE"
@ DEFAULT COLOR 1
@ XAXIS TICK ON
@ XAXIS TICKLABEL ON
@ XAXIS TICKLABEL CHAR SIZE 0.8
@ XAXIS TICK TYPE SPEC
@ XAXIS TICKLABEL TYPE SPEC
@ XAXIS TICK MAJOR GRID ON
@ YAXIS LABEL "E-EFERMI (HARTREE)"
@ AUTOSCALE ONREAD YAXES
@ AUTOTICKS
@ XAXIS TICK SPEC     7
@ XAXIS TICK     0,     0.00000
@ XAXIS TICKLABEL    0,"(0,0,0)/2"
@ XAXIS TICK     1,     0.42247
@ XAXIS TICKLABEL    1,"(1,1,0)/2"
@ XAXIS TICK     2,     0.72121
@ XAXIS TICKLABEL    2,"(0,1,0)/2"
@ XAXIS TICK     3,     1.07613
@ XAXIS TICKLABEL    3,"(0,1,1)/2"
@ XAXIS TICK     4,     1.37487
@ XAXIS TICKLABEL    4,"(1,1,1)/2"
@ XAXIS TICK     5,     1.79734
@ XAXIS TICKLABEL    5,"(0,0,1)/2"
@ XAXIS TICK     6,     2.15227
@ XAXIS TICKLABEL    6,"(0,0,0)/2"
@ WORLD      0.00000,        -1.1,     2.15227,         0.7
@ VIEW      0.15000,     0.15000,     1.14418,     0.85000
  0.00000E+00 -0.10115E+01 -0.10040E+01 -0.84025E+00 -0.83830E+00 -0.78439E+00 -0.78439E+00 -0.46385E+00 -0.43124E+00 -0.38629E+00 -0.34239E+00 -0.33605E+00 -0.33605E+00 -0.27182E+00 -0.27182E+00 -0.19805E+00 -0.19805E+00 -0.19023E+00 -0.16969E+00 -0.80970E-01 -0.80970E-01 -0.31512E-01 -0.28230E-01 -0.28230E-01  0.00000E+00  0.59189E+00  0.62668E+00
  0.18368E-01 -0.10115E+01 -0.10040E+01 -0.84024E+00 -0.83830E+00 -0.78439E+00 -0.78439E+00 -0.46379E+00 -0.43135E+00 -0.38624E+00 -0.34267E+00 -0.33605E+00 -0.33596E+00 -0.27181E+00 -0.27140E+00 -0.19836E+00 -0.19808E+00 -0.19007E+00 -0.16973E+00 -0.80999E-01 -0.80968E-01 -0.31512E-01 -0.28272E-01 -0.28145E-01 -0.48801E-04  0.59215E+00  0.62664E+00
  0.36737E-01 -0.10115E+01 -0.10041E+01 -0.84022E+00 -0.83831E+00 -0.78440E+00 -0.78437E+00 -0.46364E+00 -0.43168E+00 -0.38608E+00 -0.34347E+00 -0.33606E+00 -0.33574E+00 -0.27180E+00 -0.27017E+00 -0.19923E+00 -0.19816E+00 -0.18964E+00 -0.16984E+00 -0.81082E-01 -0.80962E-01 -0.31512E-01 -0.28395E-01 -0.27894E-01 -0.19444E-03  0.59294E+00  0.62650E+00
  0.55105E-01 -0.10114E+01 -0.10042E+01 -0.84020E+00 -0.83833E+00 -0.78441E+00 -0.78435E+00 -0.46338E+00 -0.43222E+00 -0.38581E+00 -0.34462E+00 -0.33608E+00 -0.33547E+00 -0.27178E+00 -0.26823E+00 -0.20053E+00 -0.19830E+00 -0.18906E+00 -0.17002E+00 -0.81212E-01 -0.80950E-01 -0.31507E-01 -0.28591E-01 -0.27486E-01 -0.43466E-03  0.59424E+00  0.62630E+00
  0.73474E-01 -0.10113E+01 -0.10043E+01 -0.84016E+00 -0.83836E+00 -0.78443E+00 -0.78432E+00 -0.46302E+00 -0.43296E+00 -0.38542E+00 -0.34600E+00 -0.33610E+00 -0.33520E+00 -0.27176E+00 -0.26569E+00 -0.20216E+00 -0.19848E+00 -0.18841E+00 -0.17028E+00 -0.81378E-01 -0.80931E-01 -0.31491E-01 -0.28846E-01 -0.26935E-01 -0.76571E-03  0.59602E+00  0.62606E+00
  0.91842E-01 -0.10111E+01 -0.10045E+01 -0.84012E+00 -0.83839E+00 -0.78446E+00 -0.78430E+00 -0.46256E+00 -0.43388E+00 -0.38491E+00 -0.34749E+00 -0.33613E+00 -0.33497E+00 -0.27173E+00 -0.26270E+00 -0.20407E+00 -0.19871E+00 -0.18775E+00 -0.17060E+00 -0.81562E-01 -0.80902E-01 -0.31462E-01 -0.29143E-01 -0.26254E-01 -0.11825E-02  0.59825E+00  0.62584E+00
  0.11021E+00 -0.10110E+01 -0.10046E+01 -0.84006E+00 -0.83843E+00 -0.78449E+00 -0.78427E+00 -0.46203E+00 -0.43495E+00 -0.38426E+00 -0.34901E+00 -0.33617E+00 -0.33479E+00 -0.27169E+00 -0.25943E+00 -0.20618E+00 -0.19898E+00 -0.18709E+00 -0.17099E+00 -0.81747E-01 -0.80860E-01 -0.31417E-01 -0.29464E-01 -0.25457E-01 -0.16784E-02  0.60088E+00  0.62567E+00
  0.12858E+00 -0.10108E+01 -0.10048E+01 -0.84000E+00 -0.83847E+00 -0.78452E+00 -0.78425E+00 -0.46141E+00 -0.43616E+00 -0.38348E+00 -0.35048E+00 -0.33621E+00 -0.33464E+00 -0.27165E+00 -0.25606E+00 -0.20844E+00 -0.19929E+00 -0.18645E+00 -0.17144E+00 -0.81915E-01 -0.80802E-01 -0.31355E-01 -0.29786E-01 -0.24561E-01 -0.22460E-02  0.60385E+00  0.62562E+00
  0.14695E+00 -0.10105E+01 -0.10051E+01 -0.83993E+00 -0.83851E+00 -0.78455E+00 -0.78423E+00 -0.46073E+00 -0.43748E+00 -0.38254E+00 -0.35186E+00 -0.33625E+00 -0.33454E+00 -0.27160E+00 -0.25279E+00 -0.21076E+00 -0.19964E+00 -0.18582E+00 -0.17195E+00 -0.82045E-01 -0.80728E-01 -0.31277E-01 -0.30090E-01 -0.23582E-01 -0.28762E-02  0.60706E+00  0.62577E+00
  0.16532E+00 -0.10103E+01 -0.10053E+01 -0.83985E+00 -0.83855E+00 -0.78459E+00 -0.78423E+00 -0.45999E+00 -0.43886E+00 -0.38145E+00 -0.35313E+00 -0.33630E+00 -0.33449E+00 -0.27155E+00 -0.24983E+00 -0.21298E+00 -0.20000E+00 -0.18521E+00 -0.17250E+00 -0.82123E-01 -0.80635E-01 -0.31183E-01 -0.30357E-01 -0.22538E-01 -0.35594E-02  0.61037E+00  0.62623E+00
  0.18368E+00 -0.10101E+01 -0.10055E+01 -0.83976E+00 -0.83859E+00 -0.78463E+00 -0.78424E+00 -0.45920E+00 -0.44028E+00 -0.38019E+00 -0.35425E+00 -0.33635E+00 -0.33448E+00 -0.27149E+00 -0.24749E+00 -0.21487E+00 -0.20039E+00 -0.18461E+00 -0.17309E+00 -0.82135E-01 -0.80524E-01 -0.31073E-01 -0.30574E-01 -0.21448E-01 -0.42846E-02  0.61358E+00  0.62719E+00
  0.20205E+00 -0.10098E+01 -0.10058E+01 -0.83967E+00 -0.83863E+00 -0.78467E+00 -0.78427E+00 -0.45840E+00 -0.44172E+00 -0.37875E+00 -0.35524E+00 -0.33640E+00 -0.33451E+00 -0.27144E+00 -0.24610E+00 -0.21617E+00 -0.20078E+00 -0.18403E+00 -0.17371E+00 -0.82072E-01 -0.80396E-01 -0.30950E-01 -0.30728E-01 -0.20330E-01 -0.50405E-02  0.61639E+00  0.62886E+00
  0.22042E+00 -0.10096E+01 -0.10061E+01 -0.83958E+00 -0.83867E+00 -0.78471E+00 -0.78431E+00 -0.45758E+00 -0.44314E+00 -0.37715E+00 -0.35608E+00 -0.33645E+00 -0.33459E+00 -0.27138E+00 -0.24592E+00 -0.21659E+00 -0.20118E+00 -0.18347E+00 -0.17436E+00 -0.81931E-01 -0.80252E-01 -0.30813E-01 -0.30813E-01 -0.19205E-01 -0.58145E-02  0.61859E+00  0.62976E+00
  0.23879E+00 -0.10093E+01 -0.10063E+01 -0.83948E+00 -0.83870E+00 -0.78476E+00 -0.78436E+00 -0.45676E+00 -0.44451E+00 -0.37539E+00 -0.35678E+00 -0.33650E+00 -0.33471E+00 -0.27132E+00 -0.24702E+00 -0.21610E+00 -0.20158E+00 -0.18292E+00 -0.17502E+00 -0.81716E-01 -0.80095E-01 -0.30827E-01 -0.30666E-01 -0.18093E-01 -0.65937E-02  0.62020E+00  0.62969E+00
  0.25716E+00 -0.10091E+01 -0.10066E+01 -0.83938E+00 -0.83873E+00 -0.78480E+00 -0.78443E+00 -0.45597E+00 -0.44581E+00 -0.37349E+00 -0.35736E+00 -0.33655E+00 -0.33487E+00 -0.27127E+00 -0.24918E+00 -0.21489E+00 -0.20196E+00 -0.18240E+00 -0.17569E+00 -0.81433E-01 -0.79930E-01 -0.30773E-01 -0.30511E-01 -0.17013E-01 -0.73644E-02  0.62142E+00  0.62952E+00
  0.27553E+00 -0.10088E+01 -0.10068E+01 -0.83929E+00 -0.83876E+00 -0.78483E+00 -0.78451E+00 -0.45521E+00 -0.44703E+00 -0.37146E+00 -0.35783E+00 -0.33660E+00 -0.33507E+00 -0.27121E+00 -0.25204E+00 -0.21325E+00 -0.20233E+00 -0.18190E+00 -0.17635E+00 -0.81097E-01 -0.79761E-01 -0.30661E-01 -0.30350E-01 -0.15985E-01 -0.81124E-02  0.62243E+00  0.62925E+00
  0.29390E+00 -0.10086E+01 -0.10070E+01 -0.83920E+00 -0.83878E+00 -0.78487E+00 -0.78460E+00 -0.45451E+00 -0.44814E+00 -0.36936E+00 -0.35819E+00 -0.33665E+00 -0.33530E+00 -0.27116E+00 -0.25529E+00 -0.21146E+00 -0.20267E+00 -0.18144E+00 -0.17700E+00 -0.80726E-01 -0.79594E-01 -0.30501E-01 -0.30187E-01 -0.15027E-01 -0.88229E-02  0.62333E+00  0.62891E+00
  0.31226E+00 -0.10084E+01 -0.10072E+01 -0.83912E+00 -0.83880E+00 -0.78490E+00 -0.78468E+00 -0.45387E+00 -0.44912E+00 -0.36723E+00 -0.35848E+00 -0.33669E+00 -0.33556E+00 -0.27112E+00 -0.25866E+00 -0.20968E+00 -0.20298E+00 -0.18103E+00 -0.17763E+00 -0.80340E-01 -0.79434E-01 -0.30310E-01 -0.30028E-01 -0.14158E-01 -0.94809E-02  0.62416E+00  0.62853E+00
  0.33063E+00 -0.10082E+01 -0.10074E+01 -0.83904E+00 -0.83882E+00 -0.78493E+00 -0.78477E+00 -0.45331E+00 -0.44997E+00 -0.36516E+00 -0.35869E+00 -0.33672E+00 -0.33584E+00 -0.27108E+00 -0.26192E+00 -0.20804E+00 -0.20325E+00 -0.18066E+00 -0.17821E+00 -0.79962E-01 -0.79286E-01 -0.30104E-01 -0.29877E-01 -0.13392E-01 -0.10071E-01  0.62492E+00  0.62814E+00
  0.34900E+00 -0.10081E+01 -0.10075E+01 -0.83897E+00 -0.83883E+00 -0.78496E+00 -0.78485E+00 -0.45283E+00 -0.45068E+00 -0.36322E+00 -0.35884E+00 -0.33675E+00 -0.33612E+00 -0.27105E+00 -0.26490E+00 -0.20662E+00 -0.20348E+00 -0.18035E+00 -0.17872E+00 -0.79615E-01 -0.79157E-01 -0.29904E-01 -0.29741E-01 -0.12745E-01 -0.10580E-01  0.62560E+00  0.62776E+00
  0.36737E+00 -0.10079E+01 -0.10076E+01 -0.83892E+00 -0.83884E+00 -0.78498E+00 -0.78491E+00 -0.45246E+00 -0.45124E+00 -0.36153E+00 -0.35894E+00 -0.33678E+00 -0.33638E+00 -0.27102E+00 -0.26743E+00 -0.20546E+00 -0.20366E+00 -0.18010E+00 -0.17916E+00 -0.79320E-01 -0.79051E-01 -0.29725E-01 -0.29626E-01 -0.12228E-01 -0.10992E-01  0.62616E+00  0.62743E+00
  0.38574E+00 -0.10079E+01 -0.10077E+01 -0.83888E+00 -0.83884E+00 -0.78499E+00 -0.78496E+00 -0.45218E+00 -0.45164E+00 -0.36020E+00 -0.35901E+00 -0.33680E+00 -0.33661E+00 -0.27100E+00 -0.26936E+00 -0.20460E+00 -0.20379E+00 -0.17992E+00 -0.17949E+00 -0.79095E-01 -0.78972E-01 -0.29585E-01 -0.29539E-01 -0.11851E-01 -0.11296E-01  0.62659E+00  0.62717E+00
  0.40411E+00 -0.10078E+01 -0.10078E+01 -0.83886E+00 -0.83885E+00 -0.78500E+00 -0.78499E+00 -0.45202E+00 -0.45188E+00 -0.35935E+00 -0.35905E+00 -0.33681E+00 -0.33676E+00 -0.27099E+00 -0.27057E+00 -0.20408E+00 -0.20387E+00 -0.17981E+00 -0.17970E+00 -0.78955E-01 -0.78924E-01 -0.29496E-01 -0.29484E-01 -0.11623E-01 -0.11483E-01  0.62686E+00  0.62701E+00
  0.42247E+00 -0.10078E+01 -0.10078E+01 -0.83885E+00 -0.83885E+00 -0.78500E+00 -0.78500E+00 -0.45196E+00 -0.45196E+00 -0.35906E+00 -0.35906E+00 -0.33681E+00 -0.33681E+00 -0.27099E+00 -0.27099E+00 -0.20390E+00 -0.20390E+00 -0.17977E+00 -0.17977E+00 -0.78907E-01 -0.78907E-01 -0.29465E-01 -0.29465E-01 -0.11546E-01 -0.11546E-01  0.62695E+00  0.62695E+00
  0.44084E+00 -0.10078E+01 -0.10078E+01 -0.83885E+00 -0.83885E+00 -0.78500E+00 -0.78500E+00 -0.45195E+00 -0.45195E+00 -0.35919E+00 -0.35919E+00 -0.33679E+00 -0.33679E+00 -0.27080E+00 -0.27080E+00 -0.20397E+00 -0.20397E+00 -0.17976E+00 -0.17976E+00 -0.78937E-01 -0.78937E-01 -0.29488E-01 -0.29488E-01 -0.11552E-01 -0.11552E-01  0.62694E+00  0.62694E+00
  0.45842E+00 -0.10078E+01 -0.10078E+01 -0.83886E+00 -0.83886E+00 -0.78498E+00 -0.78498E+00 -0.45191E+00 -0.45191E+00 -0.35957E+00 -0.35957E+00 -0.33671E+00 -0.33671E+00 -0.27024E+00 -0.27024E+00 -0.20417E+00 -0.20417E+00 -0.17971E+00 -0.17971E+00 -0.79024E-01 -0.79024E-01 -0.29555E-01 -0.29555E-01 -0.11571E-01 -0.11571E-01  0.62689E+00  0.62689E+00
  0.47599E+00 -0.10078E+01 -0.10078E+01 -0.83888E+00 -0.83888E+00 -0.78495E+00 -0.78495E+00 -0.45186E+00 -0.45186E+00 -0.36018E+00 -0.36018E+00 -0.33659E+00 -0.33659E+00 -0.26933E+00 -0.26933E+00 -0.20451E+00 -0.20451E+00 -0.17963E+00 -0.17963E+00 -0.79167E-01 -0.79167E-01 -0.29664E-01 -0.29664E-01 -0.11602E-01 -0.11602E-01  0.62681E+00  0.62681E+00
  0.49356E+00 -0.10078E+01 -0.10078E+01 -0.83890E+00 -0.83890E+00 -0.78491E+00 -0.78491E+00 -0.45178E+00 -0.45178E+00 -0.36099E+00 -0.36099E+00 -0.33644E+00 -0.33644E+00 -0.26810E+00 -0.26810E+00 -0.20499E+00 -0.20499E+00 -0.17953E+00 -0.17953E+00 -0.79360E-01 -0.79360E-01 -0.29811E-01 -0.29811E-01 -0.11644E-01 -0.11644E-01  0.62671E+00  0.62671E+00
  0.51113E+00 -0.10078E+01 -0.10078E+01 -0.83892E+00 -0.83892E+00 -0.78486E+00 -0.78486E+00 -0.45169E+00 -0.45169E+00 -0.36195E+00 -0.36195E+00 -0.33626E+00 -0.33626E+00 -0.26658E+00 -0.26658E+00 -0.20559E+00 -0.20559E+00 -0.17941E+00 -0.17941E+00 -0.79597E-01 -0.79597E-01 -0.29990E-01 -0.29990E-01 -0.11696E-01 -0.11696E-01  0.62659E+00  0.62659E+00
  0.52871E+00 -0.10078E+01 -0.10078E+01 -0.83895E+00 -0.83895E+00 -0.78480E+00 -0.78480E+00 -0.45158E+00 -0.45158E+00 -0.36302E+00 -0.36302E+00 -0.33608E+00 -0.33608E+00 -0.26482E+00 -0.26482E+00 -0.20631E+00 -0.20631E+00 -0.17927E+00 -0.17927E+00 -0.79871E-01 -0.79871E-01 -0.30194E-01 -0.30194E-01 -0.11757E-01 -0.11757E-01  0.62645E+00  0.62645E+00
  0.54628E+00 -0.10078E+01 -0.10078E+01 -0.83898E+00 -0.83898E+00 -0.78474E+00 -0.78474E+00 -0.45145E+00 -0.45145E+00 -0.36416E+00 -0.36416E+00 -0.33589E+00 -0.33589E+00 -0.26287E+00 -0.26287E+00 -0.20714E+00 -0.20714E+00 -0.17913E+00 -0.17913E+00 -0.80172E-01 -0.80172E-01 -0.30417E-01 -0.30417E-01 -0.11825E-01 -0.11825E-01  0.62631E+00  0.62631E+00
  0.56385E+00 -0.10078E+01 -0.10078E+01 -0.83902E+00 -0.83902E+00 -0.78467E+00 -0.78467E+00 -0.45132E+00 -0.45132E+00 -0.36533E+00 -0.36533E+00 -0.33570E+00 -0.33570E+00 -0.26077E+00 -0.26077E+00 -0.20808E+00 -0.20808E+00 -0.17897E+00 -0.17897E+00 -0.80490E-01 -0.80490E-01 -0.30650E-01 -0.30650E-01 -0.11897E-01 -0.11897E-01  0.62616E+00  0.62616E+00
  0.58142E+00 -0.10078E+01 -0.10078E+01 -0.83905E+00 -0.83905E+00 -0.78461E+00 -0.78461E+00 -0.45119E+00 -0.45119E+00 -0.36648E+00 -0.36648E+00 -0.33552E+00 -0.33552E+00 -0.25859E+00 -0.25859E+00 -0.20910E+00 -0.20910E+00 -0.17882E+00 -0.17882E+00 -0.80814E-01 -0.80814E-01 -0.30885E-01 -0.30885E-01 -0.11972E-01 -0.11972E-01  0.62603E+00  0.62603E+00
  0.59900E+00 -0.10078E+01 -0.10078E+01 -0.83908E+00 -0.83908E+00 -0.78454E+00 -0.78454E+00 -0.45105E+00 -0.45105E+00 -0.36759E+00 -0.36759E+00 -0.33536E+00 -0.33536E+00 -0.25638E+00 -0.25638E+00 -0.21019E+00 -0.21019E+00 -0.17868E+00 -0.17868E+00 -0.81134E-01 -0.81134E-01 -0.31115E-01 -0.31115E-01 -0.12047E-01 -0.12047E-01  0.62590E+00  0.62590E+00
  0.61657E+00 -0.10078E+01 -0.10078E+01 -0.83911E+00 -0.83911E+00 -0.78448E+00 -0.78448E+00 -0.45092E+00 -0.45092E+00 -0.36861E+00 -0.36861E+00 -0.33522E+00 -0.33522E+00 -0.25420E+00 -0.25420E+00 -0.21132E+00 -0.21132E+00 -0.17854E+00 -0.17854E+00 -0.81438E-01 -0.81438E-01 -0.31332E-01 -0.31332E-01 -0.12119E-01 -0.12119E-01  0.62578E+00  0.62578E+00
  0.63414E+00 -0.10078E+01 -0.10078E+01 -0.83914E+00 -0.83914E+00 -0.78442E+00 -0.78442E+00 -0.45080E+00 -0.45080E+00 -0.36952E+00 -0.36952E+00 -0.33509E+00 -0.33509E+00 -0.25213E+00 -0.25213E+00 -0.21245E+00 -0.21245E+00 -0.17842E+00 -0.17842E+00 -0.81716E-01 -0.81716E-01 -0.31528E-01 -0.31528E-01 -0.12186E-01 -0.12186E-01  0.62568E+00  0.62568E+00
  0.65171E+00 -0.10078E+01 -0.10078E+01 -0.83917E+00 -0.83917E+00 -0.78438E+00 -0.78438E+00 -0.45069E+00 -0.45069E+00 -0.37030E+00 -0.37030E+00 -0.33498E+00 -0.33498E+00 -0.25024E+00 -0.25024E+00 -0.21353E+00 -0.21353E+00 -0.17832E+00 -0.17832E+00 -0.81959E-01 -0.81959E-01 -0.31697E-01 -0.31697E-01 -0.12244E-01 -0.12244E-01  0.62560E+00  0.62560E+00
  0.66929E+00 -0.10078E+01 -0.10078E+01 -0.83919E+00 -0.83919E+00 -0.78434E+00 -0.78434E+00 -0.45060E+00 -0.45060E+00 -0.37093E+00 -0.37093E+00 -0.33490E+00 -0.33490E+00 -0.24862E+00 -0.24862E+00 -0.21449E+00 -0.21449E+00 -0.17823E+00 -0.17823E+00 -0.82156E-01 -0.82156E-01 -0.31835E-01 -0.31835E-01 -0.12292E-01 -0.12292E-01  0.62554E+00  0.62554E+00
  0.68686E+00 -0.10078E+01 -0.10078E+01 -0.83920E+00 -0.83920E+00 -0.78431E+00 -0.78431E+00 -0.45054E+00 -0.45054E+00 -0.37138E+00 -0.37138E+00 -0.33483E+00 -0.33483E+00 -0.24737E+00 -0.24737E+00 -0.21526E+00 -0.21526E+00 -0.17817E+00 -0.17817E+00 -0.82303E-01 -0.82303E-01 -0.31937E-01 -0.31937E-01 -0.12328E-01 -0.12328E-01  0.62549E+00  0.62549E+00
  0.70443E+00 -0.10078E+01 -0.10078E+01 -0.83921E+00 -0.83921E+00 -0.78429E+00 -0.78429E+00 -0.45050E+00 -0.45050E+00 -0.37166E+00 -0.37166E+00 -0.33480E+00 -0.33480E+00 -0.24657E+00 -0.24657E+00 -0.21576E+00 -0.21576E+00 -0.17813E+00 -0.17813E+00 -0.82393E-01 -0.82393E-01 -0.31999E-01 -0.31999E-01 -0.12350E-01 -0.12350E-01  0.62547E+00  0.62547E+00
  0.72201E+00 -0.10078E+01 -0.10078E+01 -0.83922E+00 -0.83922E+00 -0.78428E+00 -0.78428E+00 -0.45048E+00 -0.45048E+00 -0.37176E+00 -0.37176E+00 -0.33479E+00 -0.33479E+00 -0.24629E+00 -0.24629E+00 -0.21594E+00 -0.21594E+00 -0.17812E+00 -0.17812E+00 -0.82423E-01 -0.82423E-01 -0.32020E-01 -0.32020E-01 -0.12357E-01 -0.12357E-01  0.62546E+00  0.62546E+00
  0.73958E+00 -0.10078E+01 -0.10078E+01 -0.83930E+00 -0.83930E+00 -0.78427E+00 -0.78427E+00 -0.45035E+00 -0.45035E+00 -0.37160E+00 -0.37160E+00 -0.33492E+00 -0.33492E+00 -0.24630E+00 -0.24630E+00 -0.21597E+00 -0.21597E+00 -0.17835E+00 -0.17835E+00 -0.82223E-01 -0.82223E-01 -0.32102E-01 -0.32102E-01 -0.12360E-01 -0.12360E-01  0.62554E+00  0.62554E+00
  0.75732E+00 -0.10077E+01 -0.10077E+01 -0.83954E+00 -0.83954E+00 -0.78423E+00 -0.78423E+00 -0.44997E+00 -0.44997E+00 -0.37112E+00 -0.37112E+00 -0.33531E+00 -0.33531E+00 -0.24635E+00 -0.24635E+00 -0.21604E+00 -0.21604E+00 -0.17904E+00 -0.17904E+00 -0.81628E-01 -0.81628E-01 -0.32345E-01 -0.32345E-01 -0.12366E-01 -0.12366E-01  0.62579E+00  0.62579E+00
  0.77507E+00 -0.10076E+01 -0.10076E+01 -0.83994E+00 -0.83994E+00 -0.78417E+00 -0.78417E+00 -0.44934E+00 -0.44934E+00 -0.37033E+00 -0.37033E+00 -0.33594E+00 -0.33594E+00 -0.24643E+00 -0.24643E+00 -0.21618E+00 -0.21618E+00 -0.18017E+00 -0.18017E+00 -0.80654E-01 -0.80654E-01 -0.32743E-01 -0.32743E-01 -0.12376E-01 -0.12376E-01  0.62620E+00  0.62620E+00
  0.79282E+00 -0.10074E+01 -0.10074E+01 -0.84048E+00 -0.84048E+00 -0.78409E+00 -0.78409E+00 -0.44849E+00 -0.44849E+00 -0.36921E+00 -0.36921E+00 -0.33679E+00 -0.33679E+00 -0.24656E+00 -0.24656E+00 -0.21637E+00 -0.21637E+00 -0.18170E+00 -0.18170E+00 -0.79328E-01 -0.79328E-01 -0.33284E-01 -0.33284E-01 -0.12390E-01 -0.12390E-01  0.62676E+00  0.62676E+00
  0.81056E+00 -0.10072E+01 -0.10072E+01 -0.84116E+00 -0.84116E+00 -0.78398E+00 -0.78398E+00 -0.44745E+00 -0.44745E+00 -0.36776E+00 -0.36776E+00 -0.33782E+00 -0.33782E+00 -0.24678E+00 -0.24678E+00 -0.21662E+00 -0.21662E+00 -0.18361E+00 -0.18361E+00 -0.77686E-01 -0.77686E-01 -0.33954E-01 -0.33954E-01 -0.12406E-01 -0.12406E-01  0.62746E+00  0.62746E+00
  0.82831E+00 -0.10069E+01 -0.10069E+01 -0.84194E+00 -0.84194E+00 -0.78386E+00 -0.78386E+00 -0.44625E+00 -0.44625E+00 -0.36598E+00 -0.36598E+00 -0.33900E+00 -0.33900E+00 -0.24711E+00 -0.24711E+00 -0.21695E+00 -0.21695E+00 -0.18582E+00 -0.18582E+00 -0.75770E-01 -0.75770E-01 -0.34735E-01 -0.34735E-01 -0.12423E-01 -0.12423E-01  0.62829E+00  0.62829E+00
  0.84605E+00 -0.10066E+01 -0.10066E+01 -0.84282E+00 -0.84282E+00 -0.78373E+00 -0.78373E+00 -0.44492E+00 -0.44492E+00 -0.36389E+00 -0.36389E+00 -0.34028E+00 -0.34028E+00 -0.24760E+00 -0.24760E+00 -0.21735E+00 -0.21735E+00 -0.18827E+00 -0.18827E+00 -0.73632E-01 -0.73632E-01 -0.35605E-01 -0.35605E-01 -0.12441E-01 -0.12441E-01  0.62922E+00  0.62922E+00
  0.86380E+00 -0.10063E+01 -0.10063E+01 -0.84377E+00 -0.84377E+00 -0.78358E+00 -0.78358E+00 -0.44352E+00 -0.44352E+00 -0.36149E+00 -0.36149E+00 -0.34159E+00 -0.34159E+00 -0.24830E+00 -0.24830E+00 -0.21784E+00 -0.21784E+00 -0.19086E+00 -0.19086E+00 -0.71326E-01 -0.71326E-01 -0.36541E-01 -0.36541E-01 -0.12460E-01 -0.12460E-01  0.63024E+00  0.63024E+00
  0.88155E+00 -0.10059E+01 -0.10059E+01 -0.84477E+00 -0.84477E+00 -0.78343E+00 -0.78343E+00 -0.44207E+00 -0.44207E+00 -0.35883E+00 -0.35883E+00 -0.34286E+00 -0.34286E+00 -0.24925E+00 -0.24925E+00 -0.21842E+00 -0.21842E+00 -0.19351E+00 -0.19351E+00 -0.68910E-01 -0.68910E-01 -0.37519E-01 -0.37519E-01 -0.12479E-01 -0.12479E-01  0.63133E+00  0.63133E+00
  0.89929E+00 -0.10056E+01 -0.10056E+01 -0.84579E+00 -0.84579E+00 -0.78328E+00 -0.78328E+00 -0.44062E+00 -0.44062E+00 -0.35605E+00 -0.35605E+00 -0.34391E+00 -0.34391E+00 -0.25053E+00 -0.25053E+00 -0.21910E+00 -0.21910E+00 -0.19608E+00 -0.19608E+00 -0.66443E-01 -0.66443E-01 -0.38514E-01 -0.38514E-01 -0.12498E-01 -0.12498E-01  0.63246E+00  0.63246E+00
  0.91704E+00 -0.10052E+01 -0.10052E+01 -0.84680E+00 -0.84680E+00 -0.78313E+00 -0.78313E+00 -0.43922E+00 -0.43922E+00 -0.35348E+00 -0.35348E+00 -0.34441E+00 -0.34441E+00 -0.25220E+00 -0.25220E+00 -0.21987E+00 -0.21987E+00 -0.19849E+00 -0.19849E+00 -0.63986E-01 -0.63986E-01 -0.39501E-01 -0.39501E-01 -0.12517E-01 -0.12517E-01  0.63360E+00  0.63360E+00
  0.93479E+00 -0.10048E+01 -0.10048E+01 -0.84779E+00 -0.84779E+00 -0.78299E+00 -0.78299E+00 -0.43788E+00 -0.43788E+00 -0.35189E+00 -0.35189E+00 -0.34357E+00 -0.34357E+00 -0.25431E+00 -0.25431E+00 -0.22070E+00 -0.22070E+00 -0.20063E+00 -0.20063E+00 -0.61598E-01 -0.61598E-01 -0.40458E-01 -0.40458E-01 -0.12537E-01 -0.12537E-01  0.63472E+00  0.63472E+00
  0.95253E+00 -0.10045E+01 -0.10045E+01 -0.84873E+00 -0.84873E+00 -0.78285E+00 -0.78285E+00 -0.43665E+00 -0.43665E+00 -0.35170E+00 -0.35170E+00 -0.34101E+00 -0.34101E+00 -0.25687E+00 -0.25687E+00 -0.22155E+00 -0.22155E+00 -0.20245E+00 -0.20245E+00 -0.59334E-01 -0.59334E-01 -0.41362E-01 -0.41362E-01 -0.12556E-01 -0.12556E-01  0.63580E+00  0.63580E+00
  0.97028E+00 -0.10042E+01 -0.10042E+01 -0.84959E+00 -0.84959E+00 -0.78273E+00 -0.78273E+00 -0.43555E+00 -0.43555E+00 -0.35224E+00 -0.35224E+00 -0.33743E+00 -0.33743E+00 -0.25986E+00 -0.25986E+00 -0.22237E+00 -0.22237E+00 -0.20394E+00 -0.20394E+00 -0.57249E-01 -0.57249E-01 -0.42192E-01 -0.42192E-01 -0.12574E-01 -0.12574E-01  0.63681E+00  0.63681E+00
  0.98802E+00 -0.10039E+01 -0.10039E+01 -0.85036E+00 -0.85036E+00 -0.78262E+00 -0.78262E+00 -0.43458E+00 -0.43458E+00 -0.35298E+00 -0.35298E+00 -0.33343E+00 -0.33343E+00 -0.26318E+00 -0.26318E+00 -0.22310E+00 -0.22310E+00 -0.20512E+00 -0.20512E+00 -0.55390E-01 -0.55390E-01 -0.42932E-01 -0.42932E-01 -0.12592E-01 -0.12592E-01  0.63771E+00  0.63771E+00
  0.10058E+01 -0.10036E+01 -0.10036E+01 -0.85101E+00 -0.85101E+00 -0.78252E+00 -0.78252E+00 -0.43378E+00 -0.43378E+00 -0.35371E+00 -0.35371E+00 -0.32938E+00 -0.32938E+00 -0.26667E+00 -0.26667E+00 -0.22372E+00 -0.22372E+00 -0.20601E+00 -0.20601E+00 -0.53801E-01 -0.53801E-01 -0.43565E-01 -0.43565E-01 -0.12608E-01 -0.12608E-01  0.63850E+00  0.63850E+00
  0.10235E+01 -0.10034E+01 -0.10034E+01 -0.85154E+00 -0.85154E+00 -0.78245E+00 -0.78245E+00 -0.43315E+00 -0.43315E+00 -0.35432E+00 -0.35432E+00 -0.32557E+00 -0.32557E+00 -0.27007E+00 -0.27007E+00 -0.22421E+00 -0.22421E+00 -0.20665E+00 -0.20665E+00 -0.52518E-01 -0.52518E-01 -0.44077E-01 -0.44077E-01 -0.12621E-01 -0.12621E-01  0.63913E+00  0.63913E+00
  0.10413E+01 -0.10033E+01 -0.10033E+01 -0.85193E+00 -0.85193E+00 -0.78239E+00 -0.78239E+00 -0.43269E+00 -0.43269E+00 -0.35478E+00 -0.35478E+00 -0.32233E+00 -0.32233E+00 -0.27303E+00 -0.27303E+00 -0.22455E+00 -0.22455E+00 -0.20709E+00 -0.20709E+00 -0.51574E-01 -0.51574E-01 -0.44457E-01 -0.44457E-01 -0.12632E-01 -0.12632E-01  0.63960E+00  0.63960E+00
  0.10590E+01 -0.10032E+01 -0.10032E+01 -0.85216E+00 -0.85216E+00 -0.78236E+00 -0.78236E+00 -0.43241E+00 -0.43241E+00 -0.35506E+00 -0.35506E+00 -0.32010E+00 -0.32010E+00 -0.27510E+00 -0.27510E+00 -0.22476E+00 -0.22476E+00 -0.20734E+00 -0.20734E+00 -0.50995E-01 -0.50995E-01 -0.44691E-01 -0.44691E-01 -0.12638E-01 -0.12638E-01  0.63988E+00  0.63988E+00
  0.10768E+01 -0.10032E+01 -0.10032E+01 -0.85224E+00 -0.85224E+00 -0.78235E+00 -0.78235E+00 -0.43232E+00 -0.43232E+00 -0.35516E+00 -0.35516E+00 -0.31930E+00 -0.31930E+00 -0.27586E+00 -0.27586E+00 -0.22483E+00 -0.22483E+00 -0.20742E+00 -0.20742E+00 -0.50799E-01 -0.50799E-01 -0.44771E-01 -0.44771E-01 -0.12641E-01 -0.12641E-01  0.63998E+00  0.63998E+00
  0.10945E+01 -0.10032E+01 -0.10032E+01 -0.85224E+00 -0.85224E+00 -0.78236E+00 -0.78236E+00 -0.43230E+00 -0.43230E+00 -0.35517E+00 -0.35517E+00 -0.31927E+00 -0.31927E+00 -0.27581E+00 -0.27581E+00 -0.22509E+00 -0.22509E+00 -0.20728E+00 -0.20728E+00 -0.50806E-01 -0.50806E-01 -0.44723E-01 -0.44723E-01 -0.12629E-01 -0.12629E-01  0.64000E+00  0.64000E+00
  0.11121E+01 -0.10032E+01 -0.10032E+01 -0.85222E+00 -0.85222E+00 -0.78239E+00 -0.78239E+00 -0.43224E+00 -0.43224E+00 -0.35521E+00 -0.35521E+00 -0.31921E+00 -0.31921E+00 -0.27567E+00 -0.27567E+00 -0.22584E+00 -0.22584E+00 -0.20686E+00 -0.20686E+00 -0.50824E-01 -0.50824E-01 -0.44582E-01 -0.44582E-01 -0.12593E-01 -0.12593E-01  0.64004E+00  0.64004E+00
  0.11296E+01 -0.10032E+01 -0.10032E+01 -0.85219E+00 -0.85219E+00 -0.78244E+00 -0.78244E+00 -0.43215E+00 -0.43215E+00 -0.35527E+00 -0.35527E+00 -0.31910E+00 -0.31910E+00 -0.27544E+00 -0.27544E+00 -0.22701E+00 -0.22701E+00 -0.20626E+00 -0.20626E+00 -0.50852E-01 -0.50852E-01 -0.44352E-01 -0.44352E-01 -0.12536E-01 -0.12536E-01  0.64011E+00  0.64011E+00
  0.11472E+01 -0.10032E+01 -0.10032E+01 -0.85214E+00 -0.85214E+00 -0.78251E+00 -0.78251E+00 -0.43203E+00 -0.43203E+00 -0.35536E+00 -0.35536E+00 -0.31895E+00 -0.31895E+00 -0.27512E+00 -0.27512E+00 -0.22850E+00 -0.22850E+00 -0.20553E+00 -0.20553E+00 -0.50886E-01 -0.50886E-01 -0.44044E-01 -0.44044E-01 -0.12461E-01 -0.12461E-01  0.64020E+00  0.64020E+00
  0.11648E+01 -0.10032E+01 -0.10032E+01 -0.85209E+00 -0.85209E+00 -0.78259E+00 -0.78259E+00 -0.43187E+00 -0.43187E+00 -0.35546E+00 -0.35546E+00 -0.31877E+00 -0.31877E+00 -0.27471E+00 -0.27471E+00 -0.23024E+00 -0.23024E+00 -0.20475E+00 -0.20475E+00 -0.50925E-01 -0.50925E-01 -0.43669E-01 -0.43669E-01 -0.12369E-01 -0.12369E-01  0.64032E+00  0.64032E+00
  0.11824E+01 -0.10032E+01 -0.10032E+01 -0.85203E+00 -0.85203E+00 -0.78269E+00 -0.78269E+00 -0.43170E+00 -0.43170E+00 -0.35557E+00 -0.35557E+00 -0.31856E+00 -0.31856E+00 -0.27420E+00 -0.27420E+00 -0.23216E+00 -0.23216E+00 -0.20398E+00 -0.20398E+00 -0.50965E-01 -0.50965E-01 -0.43240E-01 -0.43240E-01 -0.12267E-01 -0.12267E-01  0.64047E+00  0.64047E+00
  0.11999E+01 -0.10032E+01 -0.10032E+01 -0.85197E+00 -0.85197E+00 -0.78279E+00 -0.78279E+00 -0.43151E+00 -0.43151E+00 -0.35570E+00 -0.35570E+00 -0.31833E+00 -0.31833E+00 -0.27360E+00 -0.27360E+00 -0.23420E+00 -0.23420E+00 -0.20323E+00 -0.20323E+00 -0.51004E-01 -0.51004E-01 -0.42772E-01 -0.42772E-01 -0.12157E-01 -0.12157E-01  0.64063E+00  0.64063E+00
  0.12175E+01 -0.10032E+01 -0.10032E+01 -0.85190E+00 -0.85190E+00 -0.78290E+00 -0.78290E+00 -0.43130E+00 -0.43130E+00 -0.35583E+00 -0.35583E+00 -0.31809E+00 -0.31809E+00 -0.27290E+00 -0.27290E+00 -0.23632E+00 -0.23632E+00 -0.20254E+00 -0.20254E+00 -0.51041E-01 -0.51041E-01 -0.42280E-01 -0.42280E-01 -0.12046E-01 -0.12046E-01  0.64081E+00  0.64081E+00
  0.12351E+01 -0.10032E+01 -0.10032E+01 -0.85183E+00 -0.85183E+00 -0.78302E+00 -0.78302E+00 -0.43109E+00 -0.43109E+00 -0.35597E+00 -0.35597E+00 -0.31784E+00 -0.31784E+00 -0.27213E+00 -0.27213E+00 -0.23847E+00 -0.23847E+00 -0.20191E+00 -0.20191E+00 -0.51075E-01 -0.51075E-01 -0.41781E-01 -0.41781E-01 -0.11936E-01 -0.11936E-01  0.64100E+00  0.64100E+00
  0.12527E+01 -0.10032E+01 -0.10032E+01 -0.85176E+00 -0.85176E+00 -0.78313E+00 -0.78313E+00 -0.43089E+00 -0.43089E+00 -0.35610E+00 -0.35610E+00 -0.31760E+00 -0.31760E+00 -0.27127E+00 -0.27127E+00 -0.24062E+00 -0.24062E+00 -0.20136E+00 -0.20136E+00 -0.51104E-01 -0.51104E-01 -0.41290E-01 -0.41290E-01 -0.11832E-01 -0.11832E-01  0.64119E+00  0.64119E+00
  0.12702E+01 -0.10032E+01 -0.10032E+01 -0.85170E+00 -0.85170E+00 -0.78323E+00 -0.78323E+00 -0.43070E+00 -0.43070E+00 -0.35623E+00 -0.35623E+00 -0.31736E+00 -0.31736E+00 -0.27035E+00 -0.27035E+00 -0.24272E+00 -0.24272E+00 -0.20088E+00 -0.20088E+00 -0.51130E-01 -0.51130E-01 -0.40824E-01 -0.40824E-01 -0.11737E-01 -0.11737E-01  0.64139E+00  0.64139E+00
  0.12878E+01 -0.10032E+01 -0.10032E+01 -0.85164E+00 -0.85164E+00 -0.78333E+00 -0.78333E+00 -0.43052E+00 -0.43052E+00 -0.35634E+00 -0.35634E+00 -0.31715E+00 -0.31715E+00 -0.26938E+00 -0.26938E+00 -0.24472E+00 -0.24472E+00 -0.20048E+00 -0.20048E+00 -0.51152E-01 -0.51152E-01 -0.40399E-01 -0.40399E-01 -0.11653E-01 -0.11653E-01  0.64157E+00  0.64157E+00
  0.13054E+01 -0.10032E+01 -0.10032E+01 -0.85158E+00 -0.85158E+00 -0.78341E+00 -0.78341E+00 -0.43036E+00 -0.43036E+00 -0.35644E+00 -0.35644E+00 -0.31696E+00 -0.31696E+00 -0.26841E+00 -0.26841E+00 -0.24657E+00 -0.24657E+00 -0.20015E+00 -0.20015E+00 -0.51169E-01 -0.51169E-01 -0.40028E-01 -0.40028E-01 -0.11584E-01 -0.11584E-01  0.64173E+00  0.64173E+00
  0.13229E+01 -0.10032E+01 -0.10032E+01 -0.85154E+00 -0.85154E+00 -0.78348E+00 -0.78348E+00 -0.43024E+00 -0.43024E+00 -0.35652E+00 -0.35652E+00 -0.31681E+00 -0.31681E+00 -0.26749E+00 -0.26749E+00 -0.24820E+00 -0.24820E+00 -0.19990E+00 -0.19990E+00 -0.51183E-01 -0.51183E-01 -0.39725E-01 -0.39725E-01 -0.11528E-01 -0.11528E-01  0.64187E+00  0.64187E+00
  0.13405E+01 -0.10032E+01 -0.10032E+01 -0.85151E+00 -0.85151E+00 -0.78353E+00 -0.78353E+00 -0.43014E+00 -0.43014E+00 -0.35658E+00 -0.35658E+00 -0.31670E+00 -0.31670E+00 -0.26670E+00 -0.26670E+00 -0.24950E+00 -0.24950E+00 -0.19972E+00 -0.19972E+00 -0.51193E-01 -0.51193E-01 -0.39501E-01 -0.39501E-01 -0.11488E-01 -0.11488E-01  0.64197E+00  0.64197E+00
  0.13581E+01 -0.10032E+01 -0.10032E+01 -0.85149E+00 -0.85149E+00 -0.78357E+00 -0.78357E+00 -0.43009E+00 -0.43009E+00 -0.35662E+00 -0.35662E+00 -0.31663E+00 -0.31663E+00 -0.26615E+00 -0.26615E+00 -0.25036E+00 -0.25036E+00 -0.19961E+00 -0.19961E+00 -0.51198E-01 -0.51198E-01 -0.39363E-01 -0.39363E-01 -0.11464E-01 -0.11464E-01  0.64203E+00  0.64203E+00
  0.13757E+01 -0.10032E+01 -0.10032E+01 -0.85148E+00 -0.85148E+00 -0.78358E+00 -0.78358E+00 -0.43007E+00 -0.43007E+00 -0.35663E+00 -0.35663E+00 -0.31660E+00 -0.31660E+00 -0.26595E+00 -0.26595E+00 -0.25066E+00 -0.25066E+00 -0.19958E+00 -0.19958E+00 -0.51200E-01 -0.51200E-01 -0.39316E-01 -0.39316E-01 -0.11456E-01 -0.11456E-01  0.64206E+00  0.64206E+00
  0.13932E+01 -0.10032E+01 -0.10032E+01 -0.85153E+00 -0.85145E+00 -0.78357E+00 -0.78356E+00 -0.43013E+00 -0.43004E+00 -0.35662E+00 -0.35661E+00 -0.31666E+00 -0.31659E+00 -0.26638E+00 -0.26594E+00 -0.25069E+00 -0.24998E+00 -0.19965E+00 -0.19958E+00 -0.51213E-01 -0.51184E-01 -0.39421E-01 -0.39312E-01 -0.11522E-01 -0.11408E-01  0.64199E+00  0.64207E+00
  0.14116E+01 -0.10032E+01 -0.10031E+01 -0.85167E+00 -0.85135E+00 -0.78357E+00 -0.78350E+00 -0.43032E+00 -0.42998E+00 -0.35660E+00 -0.35655E+00 -0.31685E+00 -0.31656E+00 -0.26746E+00 -0.26592E+00 -0.25079E+00 -0.24815E+00 -0.19987E+00 -0.19960E+00 -0.51249E-01 -0.51134E-01 -0.39729E-01 -0.39300E-01 -0.11719E-01 -0.11264E-01  0.64180E+00  0.64212E+00
  0.14300E+01 -0.10033E+01 -0.10031E+01 -0.85191E+00 -0.85118E+00 -0.78355E+00 -0.78340E+00 -0.43064E+00 -0.42986E+00 -0.35656E+00 -0.35646E+00 -0.31714E+00 -0.31650E+00 -0.26883E+00 -0.26588E+00 -0.25094E+00 -0.24558E+00 -0.20023E+00 -0.19963E+00 -0.51309E-01 -0.51054E-01 -0.40218E-01 -0.39279E-01 -0.12043E-01 -0.11029E-01  0.64149E+00  0.64219E+00
  0.14483E+01 -0.10034E+01 -0.10030E+01 -0.85222E+00 -0.85095E+00 -0.78353E+00 -0.78328E+00 -0.43105E+00 -0.42970E+00 -0.35651E+00 -0.35634E+00 -0.31752E+00 -0.31642E+00 -0.27022E+00 -0.26583E+00 -0.25114E+00 -0.24257E+00 -0.20076E+00 -0.19967E+00 -0.51389E-01 -0.50945E-01 -0.40849E-01 -0.39246E-01 -0.12490E-01 -0.10707E-01  0.64108E+00  0.64226E+00
  0.14667E+01 -0.10035E+01 -0.10029E+01 -0.85262E+00 -0.85066E+00 -0.78351E+00 -0.78314E+00 -0.43157E+00 -0.42949E+00 -0.35645E+00 -0.35619E+00 -0.31796E+00 -0.31632E+00 -0.27150E+00 -0.26577E+00 -0.25138E+00 -0.23934E+00 -0.20145E+00 -0.19972E+00 -0.51488E-01 -0.50814E-01 -0.41573E-01 -0.39198E-01 -0.13052E-01 -0.10307E-01  0.64058E+00  0.64230E+00
  0.14851E+01 -0.10036E+01 -0.10027E+01 -0.85307E+00 -0.85032E+00 -0.78348E+00 -0.78298E+00 -0.43215E+00 -0.42924E+00 -0.35638E+00 -0.35602E+00 -0.31845E+00 -0.31618E+00 -0.27260E+00 -0.26569E+00 -0.25164E+00 -0.23604E+00 -0.20232E+00 -0.19978E+00 -0.51600E-01 -0.50674E-01 -0.42324E-01 -0.39132E-01 -0.13722E-01 -0.98384E-02  0.64002E+00  0.64230E+00
  0.15034E+01 -0.10038E+01 -0.10026E+01 -0.85358E+00 -0.84992E+00 -0.78345E+00 -0.78283E+00 -0.43279E+00 -0.42894E+00 -0.35629E+00 -0.35585E+00 -0.31895E+00 -0.31601E+00 -0.27351E+00 -0.26560E+00 -0.25192E+00 -0.23280E+00 -0.20336E+00 -0.19984E+00 -0.51724E-01 -0.50546E-01 -0.43026E-01 -0.39045E-01 -0.14489E-01 -0.93107E-02  0.63940E+00  0.64222E+00
  0.15218E+01 -0.10039E+01 -0.10024E+01 -0.85414E+00 -0.84947E+00 -0.78342E+00 -0.78268E+00 -0.43346E+00 -0.42859E+00 -0.35620E+00 -0.35567E+00 -0.31943E+00 -0.31580E+00 -0.27420E+00 -0.26551E+00 -0.25219E+00 -0.22975E+00 -0.20454E+00 -0.19991E+00 -0.51855E-01 -0.50467E-01 -0.43586E-01 -0.38933E-01 -0.15344E-01 -0.87355E-02  0.63875E+00  0.64205E+00
  0.15402E+01 -0.10041E+01 -0.10023E+01 -0.85472E+00 -0.84898E+00 -0.78338E+00 -0.78255E+00 -0.43415E+00 -0.42819E+00 -0.35611E+00 -0.35550E+00 -0.31989E+00 -0.31556E+00 -0.27470E+00 -0.26540E+00 -0.25245E+00 -0.22703E+00 -0.20579E+00 -0.19999E+00 -0.51989E-01 -0.50477E-01 -0.43914E-01 -0.38792E-01 -0.16274E-01 -0.81245E-02  0.63809E+00  0.64175E+00
  0.15586E+01 -0.10043E+01 -0.10021E+01 -0.85532E+00 -0.84846E+00 -0.78334E+00 -0.78245E+00 -0.43483E+00 -0.42776E+00 -0.35600E+00 -0.35535E+00 -0.32029E+00 -0.31527E+00 -0.27501E+00 -0.26529E+00 -0.25268E+00 -0.22487E+00 -0.20696E+00 -0.20007E+00 -0.52123E-01 -0.50608E-01 -0.43938E-01 -0.38618E-01 -0.17267E-01 -0.74896E-02  0.63742E+00  0.64134E+00
  0.15769E+01 -0.10045E+01 -0.10019E+01 -0.85592E+00 -0.84792E+00 -0.78330E+00 -0.78237E+00 -0.43549E+00 -0.42728E+00 -0.35590E+00 -0.35522E+00 -0.32062E+00 -0.31493E+00 -0.27514E+00 -0.26518E+00 -0.25288E+00 -0.22355E+00 -0.20782E+00 -0.20014E+00 -0.52255E-01 -0.50850E-01 -0.43640E-01 -0.38408E-01 -0.18310E-01 -0.68429E-02  0.63676E+00  0.64079E+00
  0.15953E+01 -0.10047E+01 -0.10017E+01 -0.85652E+00 -0.84736E+00 -0.78326E+00 -0.78233E+00 -0.43612E+00 -0.42677E+00 -0.35580E+00 -0.35511E+00 -0.32089E+00 -0.31454E+00 -0.27508E+00 -0.26507E+00 -0.25303E+00 -0.22339E+00 -0.20806E+00 -0.20022E+00 -0.52380E-01 -0.51162E-01 -0.43051E-01 -0.38159E-01 -0.19392E-01 -0.61962E-02  0.63613E+00  0.64013E+00
  0.16137E+01 -0.10049E+01 -0.10015E+01 -0.85710E+00 -0.84679E+00 -0.78322E+00 -0.78233E+00 -0.43670E+00 -0.42624E+00 -0.35570E+00 -0.35503E+00 -0.32108E+00 -0.31411E+00 -0.27485E+00 -0.26496E+00 -0.25314E+00 -0.22446E+00 -0.20762E+00 -0.20030E+00 -0.52498E-01 -0.51496E-01 -0.42225E-01 -0.37868E-01 -0.20500E-01 -0.55609E-02  0.63554E+00  0.63938E+00
  0.16320E+01 -0.10050E+01 -0.10013E+01 -0.85766E+00 -0.84623E+00 -0.78318E+00 -0.78235E+00 -0.43724E+00 -0.42570E+00 -0.35560E+00 -0.35498E+00 -0.32121E+00 -0.31364E+00 -0.27444E+00 -0.26485E+00 -0.25320E+00 -0.22652E+00 -0.20671E+00 -0.20037E+00 -0.52606E-01 -0.51817E-01 -0.41223E-01 -0.37533E-01 -0.21622E-01 -0.49481E-02  0.63500E+00  0.63855E+00
  0.16504E+01 -0.10052E+01 -0.10011E+01 -0.85818E+00 -0.84568E+00 -0.78314E+00 -0.78241E+00 -0.43772E+00 -0.42515E+00 -0.35550E+00 -0.35495E+00 -0.32129E+00 -0.31312E+00 -0.27383E+00 -0.26474E+00 -0.25322E+00 -0.22924E+00 -0.20561E+00 -0.20043E+00 -0.52704E-01 -0.52105E-01 -0.40102E-01 -0.37153E-01 -0.22744E-01 -0.43683E-02  0.63454E+00  0.63768E+00
  0.16688E+01 -0.10054E+01 -0.10010E+01 -0.85866E+00 -0.84516E+00 -0.78311E+00 -0.78249E+00 -0.43815E+00 -0.42461E+00 -0.35542E+00 -0.35495E+00 -0.32131E+00 -0.31259E+00 -0.27303E+00 -0.26465E+00 -0.25321E+00 -0.23236E+00 -0.20450E+00 -0.20049E+00 -0.52790E-01 -0.52352E-01 -0.38921E-01 -0.36727E-01 -0.23856E-01 -0.38313E-02  0.63414E+00  0.63680E+00
  0.16871E+01 -0.10055E+01 -0.10008E+01 -0.85908E+00 -0.84468E+00 -0.78308E+00 -0.78258E+00 -0.43851E+00 -0.42410E+00 -0.35534E+00 -0.35497E+00 -0.32130E+00 -0.31204E+00 -0.27203E+00 -0.26456E+00 -0.25317E+00 -0.23571E+00 -0.20350E+00 -0.20055E+00 -0.52865E-01 -0.52558E-01 -0.37739E-01 -0.36257E-01 -0.24943E-01 -0.33461E-02  0.63382E+00  0.63594E+00
  0.17055E+01 -0.10056E+01 -0.10007E+01 -0.85945E+00 -0.84425E+00 -0.78305E+00 -0.78268E+00 -0.43882E+00 -0.42364E+00 -0.35527E+00 -0.35499E+00 -0.32128E+00 -0.31152E+00 -0.27081E+00 -0.26448E+00 -0.25313E+00 -0.23915E+00 -0.20264E+00 -0.20059E+00 -0.52928E-01 -0.52723E-01 -0.36615E-01 -0.35748E-01 -0.25992E-01 -0.29210E-02  0.63357E+00  0.63516E+00
  0.17239E+01 -0.10058E+01 -0.10006E+01 -0.85976E+00 -0.84388E+00 -0.78303E+00 -0.78278E+00 -0.43906E+00 -0.42323E+00 -0.35522E+00 -0.35503E+00 -0.32124E+00 -0.31104E+00 -0.26939E+00 -0.26442E+00 -0.25311E+00 -0.24252E+00 -0.20193E+00 -0.20063E+00 -0.52979E-01 -0.52853E-01 -0.35606E-01 -0.35210E-01 -0.26983E-01 -0.25629E-02  0.63338E+00  0.63446E+00
  0.17422E+01 -0.10058E+01 -0.10005E+01 -0.86001E+00 -0.84359E+00 -0.78301E+00 -0.78286E+00 -0.43925E+00 -0.42290E+00 -0.35517E+00 -0.35506E+00 -0.32120E+00 -0.31062E+00 -0.26782E+00 -0.26437E+00 -0.25314E+00 -0.24566E+00 -0.20139E+00 -0.20066E+00 -0.53019E-01 -0.52949E-01 -0.34761E-01 -0.34664E-01 -0.27890E-01 -0.22780E-02  0.63325E+00  0.63389E+00
  0.17606E+01 -0.10059E+01 -0.10004E+01 -0.86019E+00 -0.84337E+00 -0.78300E+00 -0.78293E+00 -0.43939E+00 -0.42265E+00 -0.35514E+00 -0.35509E+00 -0.32116E+00 -0.31031E+00 -0.26621E+00 -0.26433E+00 -0.25330E+00 -0.24830E+00 -0.20101E+00 -0.20069E+00 -0.53047E-01 -0.53016E-01 -0.34151E-01 -0.34125E-01 -0.28664E-01 -0.20709E-02  0.63317E+00  0.63347E+00
  0.17790E+01 -0.10059E+01 -0.10004E+01 -0.86029E+00 -0.84323E+00 -0.78299E+00 -0.78297E+00 -0.43947E+00 -0.42250E+00 -0.35512E+00 -0.35510E+00 -0.32114E+00 -0.31011E+00 -0.26486E+00 -0.26431E+00 -0.25368E+00 -0.25001E+00 -0.20078E+00 -0.20070E+00 -0.53063E-01 -0.53056E-01 -0.33753E-01 -0.33730E-01 -0.29220E-01 -0.19453E-02  0.63313E+00  0.63320E+00
  0.17973E+01 -0.10060E+01 -0.10004E+01 -0.86033E+00 -0.84319E+00 -0.78299E+00 -0.78299E+00 -0.43950E+00 -0.42245E+00 -0.35511E+00 -0.35511E+00 -0.32113E+00 -0.31004E+00 -0.26430E+00 -0.26430E+00 -0.25395E+00 -0.25056E+00 -0.20070E+00 -0.20070E+00 -0.53069E-01 -0.53069E-01 -0.33596E-01 -0.33596E-01 -0.29430E-01 -0.19032E-02  0.63312E+00  0.63312E+00
  0.18157E+01 -0.10060E+01 -0.10004E+01 -0.86023E+00 -0.84314E+00 -0.78300E+00 -0.78300E+00 -0.43965E+00 -0.42246E+00 -0.35500E+00 -0.35500E+00 -0.32232E+00 -0.31011E+00 -0.26436E+00 -0.26436E+00 -0.25400E+00 -0.24900E+00 -0.20066E+00 -0.20066E+00 -0.53272E-01 -0.53272E-01 -0.33539E-01 -0.33539E-01 -0.29444E-01 -0.18906E-02  0.63309E+00  0.63309E+00
  0.18335E+01 -0.10061E+01 -0.10005E+01 -0.85992E+00 -0.84298E+00 -0.78302E+00 -0.78302E+00 -0.44012E+00 -0.42250E+00 -0.35468E+00 -0.35468E+00 -0.32542E+00 -0.31062E+00 -0.26454E+00 -0.26454E+00 -0.25316E+00 -0.24546E+00 -0.20052E+00 -0.20052E+00 -0.53872E-01 -0.53872E-01 -0.33374E-01 -0.33374E-01 -0.29484E-01 -0.18532E-02  0.63301E+00  0.63301E+00
  0.18512E+01 -0.10063E+01 -0.10006E+01 -0.85943E+00 -0.84274E+00 -0.78306E+00 -0.78306E+00 -0.44089E+00 -0.42258E+00 -0.35416E+00 -0.35416E+00 -0.32970E+00 -0.31192E+00 -0.26484E+00 -0.26484E+00 -0.25095E+00 -0.24085E+00 -0.20030E+00 -0.20030E+00 -0.54838E-01 -0.54838E-01 -0.33118E-01 -0.33118E-01 -0.29551E-01 -0.17921E-02  0.63288E+00  0.63288E+00
  0.18689E+01 -0.10065E+01 -0.10007E+01 -0.85874E+00 -0.84240E+00 -0.78312E+00 -0.78312E+00 -0.44193E+00 -0.42270E+00 -0.35343E+00 -0.35343E+00 -0.33461E+00 -0.31396E+00 -0.26523E+00 -0.26523E+00 -0.24755E+00 -0.23557E+00 -0.20002E+00 -0.20002E+00 -0.56130E-01 -0.56130E-01 -0.32795E-01 -0.32795E-01 -0.29641E-01 -0.17091E-02  0.63269E+00  0.63269E+00
  0.18867E+01 -0.10068E+01 -0.10009E+01 -0.85789E+00 -0.84199E+00 -0.78319E+00 -0.78319E+00 -0.44321E+00 -0.42288E+00 -0.35253E+00 -0.35253E+00 -0.33984E+00 -0.31653E+00 -0.26571E+00 -0.26571E+00 -0.24328E+00 -0.22987E+00 -0.19969E+00 -0.19969E+00 -0.57698E-01 -0.57698E-01 -0.32426E-01 -0.32426E-01 -0.29753E-01 -0.16068E-02  0.63245E+00  0.63245E+00
  0.19044E+01 -0.10072E+01 -0.10011E+01 -0.85687E+00 -0.84151E+00 -0.78328E+00 -0.78328E+00 -0.44470E+00 -0.42314E+00 -0.35146E+00 -0.35146E+00 -0.34517E+00 -0.31937E+00 -0.26626E+00 -0.26626E+00 -0.23848E+00 -0.22394E+00 -0.19933E+00 -0.19933E+00 -0.59492E-01 -0.59492E-01 -0.32029E-01 -0.32029E-01 -0.29882E-01 -0.14880E-02  0.63215E+00  0.63215E+00
  0.19222E+01 -0.10076E+01 -0.10014E+01 -0.85573E+00 -0.84100E+00 -0.78337E+00 -0.78337E+00 -0.44636E+00 -0.42347E+00 -0.35045E+00 -0.35025E+00 -0.35025E+00 -0.32230E+00 -0.26685E+00 -0.26685E+00 -0.23337E+00 -0.21792E+00 -0.19897E+00 -0.19897E+00 -0.61459E-01 -0.61459E-01 -0.31621E-01 -0.31621E-01 -0.30026E-01 -0.13560E-02  0.63178E+00  0.63178E+00
  0.19399E+01 -0.10080E+01 -0.10017E+01 -0.85447E+00 -0.84045E+00 -0.78347E+00 -0.78347E+00 -0.44815E+00 -0.42390E+00 -0.35556E+00 -0.34891E+00 -0.34891E+00 -0.32517E+00 -0.26746E+00 -0.26746E+00 -0.22816E+00 -0.21193E+00 -0.19862E+00 -0.19862E+00 -0.63546E-01 -0.63546E-01 -0.31211E-01 -0.31211E-01 -0.30180E-01 -0.12146E-02  0.63033E+00  0.63137E+00
  0.19577E+01 -0.10084E+01 -0.10019E+01 -0.85312E+00 -0.83990E+00 -0.78358E+00 -0.78358E+00 -0.45001E+00 -0.42442E+00 -0.36041E+00 -0.34750E+00 -0.34750E+00 -0.32791E+00 -0.26808E+00 -0.26808E+00 -0.22299E+00 -0.20608E+00 -0.19832E+00 -0.19832E+00 -0.65700E-01 -0.65700E-01 -0.30807E-01 -0.30807E-01 -0.30341E-01 -0.10673E-02  0.62477E+00  0.63091E+00
  0.19754E+01 -0.10089E+01 -0.10022E+01 -0.85170E+00 -0.83937E+00 -0.78369E+00 -0.78369E+00 -0.45191E+00 -0.42504E+00 -0.36493E+00 -0.34602E+00 -0.34602E+00 -0.33044E+00 -0.26869E+00 -0.26869E+00 -0.21796E+00 -0.20044E+00 -0.19806E+00 -0.19806E+00 -0.67871E-01 -0.67871E-01 -0.30505E-01 -0.30417E-01 -0.30417E-01 -0.91795E-03  0.61952E+00  0.63041E+00
  0.19932E+01 -0.10093E+01 -0.10025E+01 -0.85025E+00 -0.83887E+00 -0.78380E+00 -0.78380E+00 -0.45381E+00 -0.42573E+00 -0.36907E+00 -0.34452E+00 -0.34452E+00 -0.33275E+00 -0.26926E+00 -0.26926E+00 -0.21317E+00 -0.19787E+00 -0.19787E+00 -0.19510E+00 -0.70005E-01 -0.70005E-01 -0.30666E-01 -0.30045E-01 -0.30045E-01 -0.77025E-03  0.61461E+00  0.62988E+00
  0.20109E+01 -0.10097E+01 -0.10028E+01 -0.84878E+00 -0.83843E+00 -0.78391E+00 -0.78391E+00 -0.45564E+00 -0.42650E+00 -0.37278E+00 -0.34304E+00 -0.34304E+00 -0.33482E+00 -0.26980E+00 -0.26980E+00 -0.20869E+00 -0.19775E+00 -0.19775E+00 -0.19013E+00 -0.72056E-01 -0.72056E-01 -0.30822E-01 -0.29697E-01 -0.29697E-01 -0.62772E-03  0.61009E+00  0.62935E+00
  0.20287E+01 -0.10101E+01 -0.10030E+01 -0.84733E+00 -0.83807E+00 -0.78401E+00 -0.78401E+00 -0.45738E+00 -0.42732E+00 -0.37604E+00 -0.34161E+00 -0.34161E+00 -0.33663E+00 -0.27027E+00 -0.27027E+00 -0.20459E+00 -0.19769E+00 -0.19769E+00 -0.18558E+00 -0.73976E-01 -0.73976E-01 -0.30969E-01 -0.29376E-01 -0.29376E-01 -0.49366E-03  0.60600E+00  0.62882E+00
  0.20464E+01 -0.10105E+01 -0.10033E+01 -0.84592E+00 -0.83780E+00 -0.78410E+00 -0.78410E+00 -0.45897E+00 -0.42816E+00 -0.37884E+00 -0.34027E+00 -0.34027E+00 -0.33818E+00 -0.27069E+00 -0.27069E+00 -0.20093E+00 -0.19769E+00 -0.19769E+00 -0.18152E+00 -0.75725E-01 -0.75725E-01 -0.31104E-01 -0.29087E-01 -0.29087E-01 -0.37107E-03  0.60237E+00  0.62832E+00
  0.20642E+01 -0.10108E+01 -0.10035E+01 -0.84458E+00 -0.83764E+00 -0.78419E+00 -0.78419E+00 -0.46039E+00 -0.42897E+00 -0.38117E+00 -0.33948E+00 -0.33907E+00 -0.33907E+00 -0.27104E+00 -0.27104E+00 -0.19774E+00 -0.19774E+00 -0.19774E+00 -0.17800E+00 -0.77265E-01 -0.77265E-01 -0.31223E-01 -0.28835E-01 -0.28835E-01 -0.26265E-03  0.59924E+00  0.62786E+00
  0.20819E+01 -0.10111E+01 -0.10037E+01 -0.84334E+00 -0.83761E+00 -0.78426E+00 -0.78426E+00 -0.46160E+00 -0.42971E+00 -0.38305E+00 -0.34054E+00 -0.33803E+00 -0.33803E+00 -0.27133E+00 -0.27133E+00 -0.19781E+00 -0.19781E+00 -0.19509E+00 -0.17506E+00 -0.78567E-01 -0.78567E-01 -0.31324E-01 -0.28622E-01 -0.28622E-01 -0.17071E-03  0.59663E+00  0.62746E+00
  0.20996E+01 -0.10113E+01 -0.10038E+01 -0.84222E+00 -0.83770E+00 -0.78431E+00 -0.78431E+00 -0.46256E+00 -0.43034E+00 -0.38448E+00 -0.34135E+00 -0.33718E+00 -0.33718E+00 -0.27155E+00 -0.27155E+00 -0.19790E+00 -0.19790E+00 -0.19298E+00 -0.17273E+00 -0.79604E-01 -0.79604E-01 -0.31405E-01 -0.28453E-01 -0.28453E-01 -0.97170E-04  0.59457E+00  0.62713E+00
  0.21174E+01 -0.10114E+01 -0.10039E+01 -0.84126E+00 -0.83790E+00 -0.78436E+00 -0.78436E+00 -0.46327E+00 -0.43083E+00 -0.38549E+00 -0.34193E+00 -0.33656E+00 -0.33656E+00 -0.27170E+00 -0.27170E+00 -0.19798E+00 -0.19798E+00 -0.19146E+00 -0.17105E+00 -0.80359E-01 -0.80359E-01 -0.31464E-01 -0.28330E-01 -0.28330E-01 -0.43552E-04  0.59309E+00  0.62688E+00
  0.21351E+01 -0.10115E+01 -0.10040E+01 -0.84054E+00 -0.83816E+00 -0.78438E+00 -0.78438E+00 -0.46370E+00 -0.43113E+00 -0.38609E+00 -0.34227E+00 -0.33618E+00 -0.33618E+00 -0.27179E+00 -0.27179E+00 -0.19803E+00 -0.19803E+00 -0.19054E+00 -0.17003E+00 -0.80816E-01 -0.80816E-01 -0.31500E-01 -0.28255E-01 -0.28255E-01 -0.10943E-04  0.59219E+00  0.62673E+00
  0.21529E+01 -0.10115E+01 -0.10040E+01 -0.84025E+00 -0.83830E+00 -0.78439E+00 -0.78439E+00 -0.46385E+00 -0.43124E+00 -0.38629E+00 -0.34239E+00 -0.33605E+00 -0.33605E+00 -0.27182E+00 -0.27182E+00 -0.19805E+00 -0.19805E+00 -0.19023E+00 -0.16969E+00 -0.80970E-01 -0.80970E-01 -0.31512E-01 -0.28230E-01 -0.28230E-01  0.00000E+00  0.59189E+00  0.62668E+00
# EFERMI (HARTREE)   -0.38441
