# NEPTS   102 NPROJ     6 NSPIN     1
#
@ XAXIS LABEL "E-EFERMI (HARTREE)"
@ YAXIS LABEL "DENSITY OF STATES (STATES/HARTREE/CELL)"
 -1.0349E+00  0.0000E+00  0.0000E+00  0.0000E+00  0.0000E+00  0.0000E+00  0.0000E+00
 -1.0115E+00  1.0780E+01  4.1410E+01  5.3696E+00  2.8690E-01  3.1144E-01  1.2825E+02
 -9.8815E-01  1.0780E+01  4.1410E+01  5.3696E+00  2.8690E-01  3.1144E-01  1.2825E+02
 -9.6476E-01  0.0000E+00  0.0000E+00  0.0000E+00  0.0000E+00  0.0000E+00  0.0000E+00
 -9.4137E-01  0.0000E+00  0.0000E+00  0.0000E+00  0.0000E+00  0.0000E+00  0.0000E+00
 -9.1798E-01  0.0000E+00  0.0000E+00  0.0000E+00  0.0000E+00  0.0000E+00  0.0000E+00
 -8.9458E-01  0.0000E+00  0.0000E+00  0.0000E+00  0.0000E+00  0.0000E+00  0.0000E+00
 -8.7119E-01  0.0000E+00  0.0000E+00  0.0000E+00  0.0000E+00  0.0000E+00  0.0000E+00
 -8.4780E-01  1.3019E+01  2.4507E+01  3.4992E+01  3.0255E+00  1.9204E+00  2.3480E+02
 -8.2441E-01  3.1523E+00  6.1212E+00  8.3924E+00  5.9099E-01  4.5248E-01  5.6290E+01
 -8.0102E-01  3.9902E+00  5.8699E-01  2.5003E+01  2.2183E+00  2.5537E+00  1.2825E+02
 -7.7763E-01  3.9902E+00  5.8699E-01  2.5003E+01  2.2183E+00  2.5537E+00  1.2825E+02
 -7.5424E-01  0.0000E+00  0.0000E+00  0.0000E+00  0.0000E+00  0.0000E+00  0.0000E+00
 -7.3084E-01  0.0000E+00  0.0000E+00  0.0000E+00  0.0000E+00  0.0000E+00  0.0000E+00
 -7.0745E-01  0.0000E+00  0.0000E+00  0.0000E+00  0.0000E+00  0.0000E+00  0.0000E+00
 -6.8406E-01  0.0000E+00  0.0000E+00  0.0000E+00  0.0000E+00  0.0000E+00  0.0000E+00
 -6.6067E-01  0.0000E+00  0.0000E+00  0.0000E+00  0.0000E+00  0.0000E+00  0.0000E+00
 -6.3728E-01  0.0000E+00  0.0000E+00  0.0000E+00  0.0000E+00  0.0000E+00  0.0000E+00
 -6.1389E-01  0.0000E+00  0.0000E+00  0.0000E+00  0.0000E+00  0.0000E+00  0.0000E+00
 -5.9050E-01  0.0000E+00  0.0000E+00  0.0000E+00  0.0000E+00  0.0000E+00  0.0000E+00
 -5.6711E-01  0.0000E+00  0.0000E+00  0.0000E+00  0.0000E+00  0.0000E+00  0.0000E+00
 -5.4371E-01  0.0000E+00  0.0000E+00  0.0000E+00  0.0000E+00  0.0000E+00  0.0000E+00
 -5.2032E-01  0.0000E+00  0.0000E+00  0.0000E+00  0.0000E+00  0.0000E+00  0.0000E+00
 -4.9693E-01  0.0000E+00  0.0000E+00  0.0000E+00  0.0000E+00  0.0000E+00  0.0000E+00
 -4.7354E-01  0.0000E+00  0.0000E+00  0.0000E+00  0.0000E+00  0.0000E+00  0.0000E+00
 -4.5015E-01  1.2434E+01  8.9239E+00  1.5029E+01  3.1234E+00  3.6065E+00  1.2975E+02
 -4.2676E-01  6.1401E+00  3.5724E+00  8.0193E+00  1.1634E+00  2.0902E+00  6.4517E+01
 -4.0337E-01  0.0000E+00  0.0000E+00  0.0000E+00  0.0000E+00  0.0000E+00  0.0000E+00
 -3.7997E-01 -1.2985E+00  2.9125E-01 -7.1444E-01 -7.4401E-01  7.6858E-01 -4.7739E+00
 -3.5658E-01  3.0528E+01  2.6615E+01  5.1420E+01  1.8491E+01  5.1288E+00  4.1445E+02
 -3.3319E-01  1.9343E+01  1.5800E+01  3.2440E+01  1.1541E+01  2.8826E+00  2.5774E+02
 -3.0980E-01  0.0000E+00  0.0000E+00  0.0000E+00  0.0000E+00  0.0000E+00  0.0000E+00
 -2.8641E-01  3.1108E+00  4.6145E+00  4.9224E+00  5.8546E-01  2.5698E+00  4.7761E+01
 -2.6302E-01  1.4695E+01  1.9875E+01  2.7326E+01  3.2741E+00  1.3239E+01  2.4450E+02
 -2.3963E-01  4.7263E+00  6.9892E+00  1.0078E+01  1.4054E+00  4.4651E+00  8.7225E+01
 -2.1623E-01  3.8302E+01  4.6166E+01  2.9700E+01  2.6852E+00  3.1732E+00  3.1117E+02
 -1.9284E-01  2.0109E+01  1.9422E+01  1.6333E+01  1.1427E+00  1.5563E+00  1.5519E+02
 -1.6945E-01  0.0000E+00  0.0000E+00  0.0000E+00  0.0000E+00  0.0000E+00  0.0000E+00
 -1.4606E-01  0.0000E+00  0.0000E+00  0.0000E+00  0.0000E+00  0.0000E+00  0.0000E+00
 -1.2267E-01  0.0000E+00  0.0000E+00  0.0000E+00  0.0000E+00  0.0000E+00  0.0000E+00
 -9.9277E-02  0.0000E+00  0.0000E+00  0.0000E+00  0.0000E+00  0.0000E+00  0.0000E+00
 -7.5886E-02  6.1623E+00  1.2079E+02  9.4805E+00  3.0218E+00  6.6840E-01  3.0659E+02
 -5.2494E-02  5.8155E+00  1.3236E+02  3.3164E+01  1.4239E+00  1.3638E+00  4.2017E+02
 -2.9103E-02  3.5045E+00  7.0307E+01  5.3065E+01  5.6074E-01  1.0980E+00  3.6652E+02
 -5.7113E-03  7.7452E-01  3.0886E+00  2.6920E+01  1.2524E-01  1.4096E-01  1.1647E+02
  1.7680E-02  0.0000E+00  0.0000E+00  0.0000E+00  0.0000E+00  0.0000E+00  0.0000E+00
  4.1071E-02  0.0000E+00  0.0000E+00  0.0000E+00  0.0000E+00  0.0000E+00  0.0000E+00
  6.4463E-02  0.0000E+00  0.0000E+00  0.0000E+00  0.0000E+00  0.0000E+00  0.0000E+00
  8.7854E-02  0.0000E+00  0.0000E+00  0.0000E+00  0.0000E+00  0.0000E+00  0.0000E+00
  1.1125E-01  0.0000E+00  0.0000E+00  0.0000E+00  0.0000E+00  0.0000E+00  0.0000E+00
  1.3464E-01  0.0000E+00  0.0000E+00  0.0000E+00  0.0000E+00  0.0000E+00  0.0000E+00
  1.5803E-01  0.0000E+00  0.0000E+00  0.0000E+00  0.0000E+00  0.0000E+00  0.0000E+00
  1.8142E-01  0.0000E+00  0.0000E+00  0.0000E+00  0.0000E+00  0.0000E+00  0.0000E+00
  2.0481E-01  0.0000E+00  0.0000E+00  0.0000E+00  0.0000E+00  0.0000E+00  0.0000E+00
  2.2820E-01  0.0000E+00  0.0000E+00  0.0000E+00  0.0000E+00  0.0000E+00  0.0000E+00
  2.5159E-01  0.0000E+00  0.0000E+00  0.0000E+00  0.0000E+00  0.0000E+00  0.0000E+00
  2.7499E-01  0.0000E+00  0.0000E+00  0.0000E+00  0.0000E+00  0.0000E+00  0.0000E+00
  2.9838E-01  0.0000E+00  0.0000E+00  0.0000E+00  0.0000E+00  0.0000E+00  0.0000E+00
  3.2177E-01  0.0000E+00  0.0000E+00  0.0000E+00  0.0000E+00  0.0000E+00  0.0000E+00
  3.4516E-01  0.0000E+00  0.0000E+00  0.0000E+00  0.0000E+00  0.0000E+00  0.0000E+00
  3.6855E-01  0.0000E+00  0.0000E+00  0.0000E+00  0.0000E+00  0.0000E+00  0.0000E+00
  3.9194E-01  0.0000E+00  0.0000E+00  0.0000E+00  0.0000E+00  0.0000E+00  0.0000E+00
  4.1533E-01  0.0000E+00  0.0000E+00  0.0000E+00  0.0000E+00  0.0000E+00  0.0000E+00
  4.3873E-01  0.0000E+00  0.0000E+00  0.0000E+00  0.0000E+00  0.0000E+00  0.0000E+00
  4.6212E-01  0.0000E+00  0.0000E+00  0.0000E+00  0.0000E+00  0.0000E+00  0.0000E+00
  4.8551E-01  0.0000E+00  0.0000E+00  0.0000E+00  0.0000E+00  0.0000E+00  0.0000E+00
  5.0890E-01  0.0000E+00  0.0000E+00  0.0000E+00  0.0000E+00  0.0000E+00  0.0000E+00
  5.3229E-01  0.0000E+00  0.0000E+00  0.0000E+00  0.0000E+00  0.0000E+00  0.0000E+00
  5.5568E-01  0.0000E+00  0.0000E+00  0.0000E+00  0.0000E+00  0.0000E+00  0.0000E+00
  5.7907E-01  0.0000E+00  0.0000E+00  0.0000E+00  0.0000E+00  0.0000E+00  0.0000E+00
  6.0247E-01  4.0851E-01  3.5042E-02  5.8300E-02  5.4843E-01  8.0200E-01  6.5220E+00
  6.2586E-01  1.4627E+02  2.4698E+01  2.6342E+01  4.7260E+00  6.8259E+00  4.9352E+02
  6.4925E-01  4.5404E+01  8.0189E+00  8.2931E+00  1.8706E+00  2.1951E+00  1.5628E+02
  6.7264E-01  4.3417E+00  7.4374E-01  1.0047E+00  5.5290E+00  5.7910E+00  5.9470E+01
  6.9603E-01  5.5831E+00  9.0833E-01  1.4662E+00  7.6484E+00  7.3412E+00  7.8806E+01
  7.1942E-01  5.4407E+00  8.3667E-01  1.6610E+00  7.3261E+00  5.6774E+00  7.1213E+01
  7.4281E-01  1.4071E+01  3.2465E+00  5.7093E+00  3.6606E+01  9.0511E+00  2.4010E+02
  7.6620E-01  7.8700E+00  2.3790E+00  3.2796E+00  2.2259E+01  6.0490E+00  1.4685E+02
  7.8960E-01  1.2098E+01  3.2557E+00  4.6571E+00  1.2825E+01  1.9173E+01  1.7733E+02
  8.1299E-01  1.1128E+01  2.8216E+00  4.5726E+00  1.2523E+01  1.5622E+01  1.5877E+02
  8.3638E-01  2.8453E+00  9.0422E-01  1.2103E+00  2.7414E+00  5.4322E+00  4.5034E+01
  8.5977E-01  2.6289E+00  8.3158E-01  1.6196E+00  3.9097E+00  7.5482E+00  5.9231E+01
  8.8316E-01  5.5703E-01  5.5045E-01  6.7609E-01  1.1245E+00  3.0409E+00  2.1581E+01
  9.0655E-01  0.0000E+00  0.0000E+00  0.0000E+00  0.0000E+00  0.0000E+00  0.0000E+00
  9.2994E-01  5.0437E+01  1.5245E+00  7.7058E+00  2.2288E+00  2.4042E+00  1.5328E+02
  9.5334E-01  1.9463E+01  7.1015E-01  3.1957E+00  6.7598E-01  1.0639E+00  6.0089E+01
  9.7673E-01  0.0000E+00  0.0000E+00  0.0000E+00  0.0000E+00  0.0000E+00  0.0000E+00
  1.0001E+00 -2.8120E+00  1.7830E-02 -5.6281E-02 -2.3902E-01 -3.1291E-01 -8.0211E+00
  1.0235E+00  1.8903E+01  8.4235E-01 -5.4836E-02  1.9163E+00  2.5757E+00  5.7240E+01
  1.0469E+00  1.3969E+01  4.8593E-01 -2.6362E-01  1.5433E+00  2.2897E+00  4.3186E+01
  1.0703E+00  5.1350E+01  2.9810E+00  2.8215E+00  4.2147E+00  3.4966E+00  1.5079E+02
  1.0937E+00  3.3750E+01  2.0185E+00  2.0492E+00  2.6494E+00  1.6602E+00  9.6971E+01
  1.1171E+00  1.2389E+00 -9.3037E-02 -2.8930E-01  1.3470E-01  2.9597E-01  2.8573E+00
  1.1405E+00  0.0000E+00  0.0000E+00  0.0000E+00  0.0000E+00  0.0000E+00  0.0000E+00
  1.1639E+00  0.0000E+00  0.0000E+00  0.0000E+00  0.0000E+00  0.0000E+00  0.0000E+00
  1.1873E+00  0.0000E+00  0.0000E+00  0.0000E+00  0.0000E+00  0.0000E+00  0.0000E+00
  1.2106E+00  0.0000E+00  0.0000E+00  0.0000E+00  0.0000E+00  0.0000E+00  0.0000E+00
  1.2340E+00  0.0000E+00  0.0000E+00  0.0000E+00  0.0000E+00  0.0000E+00  0.0000E+00
  1.2574E+00  0.0000E+00  0.0000E+00  0.0000E+00  0.0000E+00  0.0000E+00  0.0000E+00
  1.2808E+00  1.1919E+02  1.7879E-01  5.1091E+00  4.4747E+00  4.1956E+00  2.9386E+02
  1.3042E+00  2.3380E+01  1.2577E-01  1.4425E-02  6.0721E-01  8.1859E-01  5.2773E+01
  1.3276E+00  0.0000E+00  0.0000E+00  0.0000E+00  0.0000E+00  0.0000E+00  0.0000E+00
# EFERMI (HARTREE)   -0.38441
