# Mulliken Populations: 
# NSPIN,NATOM
# IAT,NSHELL
# Xiat,Yiat,Ziat (AU)
# QTOT shell charges
# NORB
# orbital charges
         1          8
         6          4
     0.000     0.000     0.000
     4.821     1.996     1.850     0.826     0.150
        14
     1.996     0.404     0.316     0.540     0.590     0.315     0.393     0.091
     0.027     0.024     0.031     0.061     0.012     0.021
         8          4
     0.000     0.000     2.384
     8.735     1.997     2.483     4.218     0.037
        14
     1.997     0.422     0.658     0.806     0.597     1.493     0.916     1.011
     0.799     0.019     0.011     0.007    -0.000     0.000
         7          4
     0.000     2.170    -1.322
     7.716     1.996     2.239     3.456     0.024
        14
     1.996     0.359     0.757     0.567     0.556     1.206     1.050     0.601
     0.599     0.007     0.001     0.009     0.005     0.003
         7          4
     0.000    -2.170    -1.322
     7.716     1.996     2.239     3.456     0.024
        14
     1.996     0.359     0.757     0.567     0.556     1.206     1.050     0.601
     0.599     0.007     0.001     0.009     0.005     0.003
         1          3
     0.000     3.830    -0.383
     0.734     0.437     0.263     0.034
         5
     0.437     0.263     0.008     0.019     0.008
         1          3
     0.000    -3.830    -0.383
     0.734     0.437     0.263     0.034
         5
     0.437     0.263     0.008     0.019     0.008
         1          3
     0.000     2.143    -3.222
     0.772     0.451     0.287     0.035
         5
     0.451     0.287     0.008     0.002     0.024
         1          3
     0.000    -2.143    -3.222
     0.772     0.451     0.287     0.035
         5
     0.451     0.287     0.008     0.002     0.024
