   0   1   1 E -2.2379591555486E+02 DE 2.8E-08(  3)
  0.500000000000E+03  0.000000000000E+00  0.000000000000E+00
  0.000000000000E+00  0.500000000000E+03  0.000000000000E+00
  0.000000000000E+00  0.000000000000E+00  0.500000000000E+03
    4
  0.100000000000E+01  0.000000000000E+00  0.000000000000E+00
  0.000000000000E+00  0.100000000000E+01  0.000000000000E+00
  0.000000000000E+00  0.000000000000E+00  0.100000000000E+01
  0.000000000000E+00  0.000000000000E+00  0.000000000000E+00
 -0.100000000000E+01  0.000000000000E+00  0.000000000000E+00
  0.000000000000E+00 -0.100000000000E+01  0.000000000000E+00
  0.000000000000E+00  0.000000000000E+00  0.100000000000E+01
  0.000000000000E+00  0.000000000000E+00  0.000000000000E+00
 -0.100000000000E+01  0.000000000000E+00  0.000000000000E+00
  0.000000000000E+00  0.100000000000E+01  0.000000000000E+00
  0.000000000000E+00  0.000000000000E+00  0.100000000000E+01
  0.000000000000E+00  0.000000000000E+00  0.000000000000E+00
  0.100000000000E+01  0.000000000000E+00  0.000000000000E+00
  0.000000000000E+00 -0.100000000000E+01  0.000000000000E+00
  0.000000000000E+00  0.000000000000E+00  0.100000000000E+01
  0.000000000000E+00  0.000000000000E+00  0.000000000000E+00
    8
    6      0.000000000000      0.000000000000      0.034424620689
    8      0.000000000000      0.000000000000      1.229723309857
    7      0.000000000000      1.143501290837     -0.705632168727
    7      0.000000000000     -1.143501290837     -0.705632168727
    1      0.000000000000      2.000706339873     -0.207173163430
    1      0.000000000000     -2.000706339873     -0.207173163430
    1      0.000000000000      1.157999116732     -1.696150133116
    1      0.000000000000     -1.157999116732     -1.696150133116
   15    4
