   0   1   1 E -2.2379585355582E+02 DE 6.7E-09(  6)
  0.500000000000E+03  0.000000000000E+00  0.000000000000E+00
  0.000000000000E+00  0.500000000000E+03  0.000000000000E+00
  0.000000000000E+00  0.000000000000E+00  0.500000000000E+03
    4
  0.100000000000E+01  0.000000000000E+00  0.000000000000E+00
  0.000000000000E+00  0.100000000000E+01  0.000000000000E+00
  0.000000000000E+00  0.000000000000E+00  0.100000000000E+01
  0.000000000000E+00  0.000000000000E+00  0.000000000000E+00
 -0.100000000000E+01  0.000000000000E+00  0.000000000000E+00
  0.000000000000E+00 -0.100000000000E+01  0.000000000000E+00
  0.000000000000E+00  0.000000000000E+00  0.100000000000E+01
  0.000000000000E+00  0.000000000000E+00  0.000000000000E+00
 -0.100000000000E+01  0.000000000000E+00  0.000000000000E+00
  0.000000000000E+00  0.100000000000E+01  0.000000000000E+00
  0.000000000000E+00  0.000000000000E+00  0.100000000000E+01
  0.000000000000E+00  0.000000000000E+00  0.000000000000E+00
  0.100000000000E+01  0.000000000000E+00  0.000000000000E+00
  0.000000000000E+00 -0.100000000000E+01  0.000000000000E+00
  0.000000000000E+00  0.000000000000E+00  0.100000000000E+01
  0.000000000000E+00  0.000000000000E+00  0.000000000000E+00
    8
    6      0.000000000000      0.000000000000      0.034619226099
    8      0.000000000000      0.000000000000      1.233966353393
    7      0.000000000000      1.145194730545     -0.707569658917
    7      0.000000000000     -1.145194730545     -0.707569658917
    1      0.000000000000      1.999836641311     -0.206449111495
    1      0.000000000000     -1.999836641311     -0.206449111495
    1      0.000000000000      1.164589919884     -1.697155519334
    1      0.000000000000     -1.164589919884     -1.697155519334
   15    4
