# Mulliken Populations: 
# NSPIN,NATOM
# IAT,NSHELL
# Xiat,Yiat,Ziat (AU)
# QTOT shell charges
# NORB
# orbital charges
         1          8
         6          4
     0.000     0.000     0.066
     4.822     1.996     1.865     0.796     0.164
        14
     1.996     0.400     0.330     0.528     0.608     0.297     0.383     0.095
     0.021     0.028     0.035     0.071     0.011     0.020
         8          4
     0.000     0.000     2.324
     8.697     1.997     2.517     4.143     0.040
        14
     1.997     0.421     0.648     0.804     0.644     1.468     0.886     0.991
     0.797     0.017     0.013     0.009    -0.000     0.000
         7          4
     0.000     2.161    -1.333
     7.716     1.996     2.244     3.452     0.023
        14
     1.996     0.359     0.760     0.567     0.559     1.196     1.062     0.599
     0.596     0.006     0.001     0.009     0.005     0.002
         7          4
     0.000    -2.161    -1.333
     7.716     1.996     2.244     3.452     0.023
        14
     1.996     0.359     0.760     0.567     0.559     1.196     1.062     0.599
     0.596     0.006     0.001     0.009     0.005     0.002
         1          3
     0.000     3.782    -0.392
     0.750     0.452     0.263     0.036
         5
     0.452     0.263     0.008     0.019     0.009
         1          3
     0.000    -3.782    -0.392
     0.750     0.452     0.263     0.036
         5
     0.452     0.263     0.008     0.019     0.009
         1          3
     0.000     2.188    -3.205
     0.775     0.459     0.279     0.036
         5
     0.459     0.279     0.009     0.003     0.025
         1          3
     0.000    -2.188    -3.205
     0.775     0.459     0.279     0.036
         5
     0.459     0.279     0.009     0.003     0.025
