   8
UREA MOLECULE BASE 6-21 + POLARIZATION   E -2.2379591863183E+02 DE-8.1E-09( 10)
 C   0.000000000000E+00  0.000000000000E+00  3.467064931138E-02  0.000000000000E+00  0.000000000000E+00 -9.891445456001E-05
 O   0.000000000000E+00  0.000000000000E+00  1.229959899460E+00  0.000000000000E+00  0.000000000000E+00  4.533529886253E-05
 N   0.000000000000E+00  1.143612665172E+00 -7.055289565738E-01  0.000000000000E+00 -2.667414436885E-05  6.329759234980E-06
 N   0.000000000000E+00 -1.143612665172E+00 -7.055289565738E-01  0.000000000000E+00  2.667414436885E-05  6.329759234980E-06
 H   0.000000000000E+00  2.001209287717E+00 -2.076521186053E-01  0.000000000000E+00  3.340293234988E-05  3.307315004297E-05
 H   0.000000000000E+00 -2.001209287717E+00 -2.076521186053E-01  0.000000000000E+00 -3.340293234944E-05  3.307315004297E-05
 H   0.000000000000E+00  1.157645412046E+00 -1.696015699207E+00  0.000000000000E+00  2.520629994263E-05 -1.261333139224E-05
 H   0.000000000000E+00 -1.157645412046E+00 -1.696015699207E+00  0.000000000000E+00 -2.520629994263E-05 -1.261333139224E-05
