   3   1   4 E -4.4768445622352E+02 DE-6.2E-08(  9)
  0.564881705677E+01  0.000000000000E+00  0.000000000000E+00
  0.000000000000E+00  0.564881705677E+01  0.000000000000E+00
  0.000000000000E+00  0.000000000000E+00  0.467989794735E+01
    8
  0.100000000000E+01  0.000000000000E+00  0.000000000000E+00
  0.000000000000E+00  0.100000000000E+01  0.000000000000E+00
  0.000000000000E+00  0.000000000000E+00  0.100000000000E+01
  0.000000000000E+00  0.000000000000E+00  0.000000000000E+00
 -0.100000000000E+01  0.000000000000E+00  0.000000000000E+00
  0.000000000000E+00 -0.100000000000E+01  0.000000000000E+00
  0.000000000000E+00  0.000000000000E+00  0.100000000000E+01
  0.000000000000E+00  0.000000000000E+00  0.000000000000E+00
  0.100000000000E+01  0.000000000000E+00  0.000000000000E+00
  0.000000000000E+00 -0.100000000000E+01  0.000000000000E+00
  0.000000000000E+00  0.000000000000E+00 -0.100000000000E+01
  0.282440852839E+01  0.282440852839E+01  0.000000000000E+00
 -0.100000000000E+01  0.000000000000E+00  0.000000000000E+00
  0.000000000000E+00  0.100000000000E+01  0.000000000000E+00
  0.000000000000E+00  0.000000000000E+00 -0.100000000000E+01
  0.282440852839E+01  0.282440852839E+01  0.000000000000E+00
  0.000000000000E+00  0.100000000000E+01  0.000000000000E+00
  0.100000000000E+01  0.000000000000E+00  0.000000000000E+00
  0.000000000000E+00  0.000000000000E+00  0.100000000000E+01
  0.282440852839E+01  0.282440852839E+01  0.000000000000E+00
  0.000000000000E+00 -0.100000000000E+01  0.000000000000E+00
 -0.100000000000E+01  0.000000000000E+00  0.000000000000E+00
  0.000000000000E+00  0.000000000000E+00  0.100000000000E+01
  0.282440852839E+01  0.282440852839E+01  0.000000000000E+00
  0.000000000000E+00 -0.100000000000E+01  0.000000000000E+00
  0.100000000000E+01  0.000000000000E+00  0.000000000000E+00
  0.000000000000E+00  0.000000000000E+00 -0.100000000000E+01
  0.000000000000E+00  0.000000000000E+00  0.000000000000E+00
  0.000000000000E+00  0.100000000000E+01  0.000000000000E+00
 -0.100000000000E+01  0.000000000000E+00  0.000000000000E+00
  0.000000000000E+00  0.000000000000E+00 -0.100000000000E+01
  0.000000000000E+00  0.000000000000E+00  0.000000000000E+00
   16
    6      0.000000000003      2.824408528385      1.504873118297
    6      2.824408528385      0.000000000003     -1.504873118297
    8      0.000000000003      2.824408528385     -1.931773208650
    8      2.824408528385      0.000000000003      1.931773208650
    7      0.802046199261     -2.022362329123      0.803672169060
    7     -0.802046199262      2.022362329123      0.803672169060
    7     -2.022362329118     -0.802046199256     -0.803672169060
    7      2.022362329128      0.802046199267     -0.803672169060
    1      1.418667190329     -1.405741338055      1.286134857017
    1     -1.418667190329      1.405741338055      1.286134857017
    1     -1.405741338051     -1.418667190325     -1.286134857017
    1      1.405741338060      1.418667190335     -1.286134857017
    1      0.788215702913     -2.036192825471     -0.192337871409
    1     -0.788215702913      2.036192825471     -0.192337871409
    1     -2.036192825466     -0.788215702908      0.192337871409
    1      2.036192825476      0.788215702919      0.192337871409
  113    8
