   3   1   4 E -4.4768445625137E+02 DE-5.0E-09(  3)
  0.564881705677E+01  0.000000000000E+00  0.000000000000E+00
  0.000000000000E+00  0.564881705677E+01  0.000000000000E+00
  0.000000000000E+00  0.000000000000E+00  0.467989794735E+01
    8
  0.100000000000E+01  0.000000000000E+00  0.000000000000E+00
  0.000000000000E+00  0.100000000000E+01  0.000000000000E+00
  0.000000000000E+00  0.000000000000E+00  0.100000000000E+01
  0.000000000000E+00  0.000000000000E+00  0.000000000000E+00
 -0.100000000000E+01  0.000000000000E+00  0.000000000000E+00
  0.000000000000E+00 -0.100000000000E+01  0.000000000000E+00
  0.000000000000E+00  0.000000000000E+00  0.100000000000E+01
  0.000000000000E+00  0.000000000000E+00  0.000000000000E+00
  0.100000000000E+01  0.000000000000E+00  0.000000000000E+00
  0.000000000000E+00 -0.100000000000E+01  0.000000000000E+00
  0.000000000000E+00  0.000000000000E+00 -0.100000000000E+01
  0.282440852839E+01  0.282440852839E+01  0.000000000000E+00
 -0.100000000000E+01  0.000000000000E+00  0.000000000000E+00
  0.000000000000E+00  0.100000000000E+01  0.000000000000E+00
  0.000000000000E+00  0.000000000000E+00 -0.100000000000E+01
  0.282440852839E+01  0.282440852839E+01  0.000000000000E+00
  0.000000000000E+00  0.100000000000E+01  0.000000000000E+00
  0.100000000000E+01  0.000000000000E+00  0.000000000000E+00
  0.000000000000E+00  0.000000000000E+00  0.100000000000E+01
  0.282440852839E+01  0.282440852839E+01  0.000000000000E+00
  0.000000000000E+00 -0.100000000000E+01  0.000000000000E+00
 -0.100000000000E+01  0.000000000000E+00  0.000000000000E+00
  0.000000000000E+00  0.000000000000E+00  0.100000000000E+01
  0.282440852839E+01  0.282440852839E+01  0.000000000000E+00
  0.000000000000E+00 -0.100000000000E+01  0.000000000000E+00
  0.100000000000E+01  0.000000000000E+00  0.000000000000E+00
  0.000000000000E+00  0.000000000000E+00 -0.100000000000E+01
  0.000000000000E+00  0.000000000000E+00  0.000000000000E+00
  0.000000000000E+00  0.100000000000E+01  0.000000000000E+00
 -0.100000000000E+01  0.000000000000E+00  0.000000000000E+00
  0.000000000000E+00  0.000000000000E+00 -0.100000000000E+01
  0.000000000000E+00  0.000000000000E+00  0.000000000000E+00
   16
    6      0.000000000000      2.824408528387      1.504873118297
    6      2.824408528387      0.000000000000     -1.504873118297
    8      0.000000000000      2.824408528387     -1.931773208650
    8      2.824408528387      0.000000000000      1.931773208650
    7      0.802046199260     -2.022362329127      0.803672169060
    7     -0.802046199260      2.022362329127      0.803672169060
    7     -2.022362329127     -0.802046199260     -0.803672169060
    7      2.022362329127      0.802046199260     -0.803672169060
    1      1.418667190328     -1.405741338059      1.286134857017
    1     -1.418667190328      1.405741338059      1.286134857017
    1     -1.405741338059     -1.418667190328     -1.286134857017
    1      1.405741338059      1.418667190328     -1.286134857017
    1      0.788215702912     -2.036192825475     -0.192337871409
    1     -0.788215702912      2.036192825475     -0.192337871409
    1     -2.036192825475     -0.788215702912      0.192337871409
    1      2.036192825475      0.788215702912      0.192337871409
  113    8
