# Mulliken Populations: 
# NSPIN,NATOM
# IAT,NSHELL
# Xiat,Yiat,Ziat (AU)
# QTOT shell charges
# NORB
# orbital charges
         1         16
         6          4
     0.000     5.337     2.844
     4.788     1.997     1.869     0.765     0.157
        14
     1.997     0.405     0.439     0.439     0.586     0.303     0.230     0.230
     0.002     0.029     0.046     0.046     0.025     0.012
         6          4
     5.337     0.000    -2.844
     4.788     1.997     1.869     0.765     0.157
        14
     1.997     0.405     0.439     0.439     0.586     0.303     0.230     0.230
     0.002     0.029     0.046     0.046     0.025     0.012
         8          4
     0.000     5.337    -3.651
     8.778     1.997     2.510     4.240     0.031
        14
     1.997     0.408     0.743     0.743     0.615     1.512     0.973     0.973
     0.783     0.016     0.007     0.007     0.000     0.000
         8          4
     5.337     0.000     3.651
     8.778     1.997     2.510     4.240     0.031
        14
     1.997     0.408     0.743     0.743     0.615     1.512     0.973     0.973
     0.783     0.016     0.007     0.007     0.000     0.000
         7          4
     1.516    -3.822     1.519
     7.743     1.997     2.249     3.473     0.024
        14
     1.997     0.358     0.653     0.653     0.585     1.217     0.809     0.809
     0.639     0.005     0.005     0.005     0.003     0.005
         7          4
    -1.516     3.822     1.519
     7.743     1.997     2.249     3.473     0.024
        14
     1.997     0.358     0.653     0.653     0.585     1.217     0.809     0.809
     0.639     0.005     0.005     0.005     0.003     0.005
         7          4
    -3.822    -1.516    -1.519
     7.743     1.997     2.249     3.473     0.024
        14
     1.997     0.358     0.653     0.653     0.585     1.217     0.809     0.809
     0.639     0.005     0.005     0.005     0.003     0.005
         7          4
     3.822     1.516    -1.519
     7.743     1.997     2.249     3.473     0.024
        14
     1.997     0.358     0.653     0.653     0.585     1.217     0.809     0.809
     0.639     0.005     0.005     0.005     0.003     0.005
         1          3
     2.681    -2.656     2.430
     0.740     0.437     0.266     0.037
         5
     0.437     0.266     0.014     0.014     0.008
         1          3
    -2.681     2.656     2.430
     0.740     0.437     0.266     0.037
         5
     0.437     0.266     0.014     0.014     0.008
         1          3
    -2.656    -2.681    -2.430
     0.740     0.437     0.266     0.037
         5
     0.437     0.266     0.014     0.014     0.008
         1          3
     2.656     2.681    -2.430
     0.740     0.437     0.266     0.037
         5
     0.437     0.266     0.014     0.014     0.008
         1          3
     1.490    -3.848    -0.363
     0.734     0.438     0.258     0.037
         5
     0.438     0.258     0.005     0.005     0.027
         1          3
    -1.490     3.848    -0.363
     0.734     0.438     0.258     0.037
         5
     0.438     0.258     0.005     0.005     0.027
         1          3
    -3.848    -1.490     0.363
     0.734     0.438     0.258     0.037
         5
     0.438     0.258     0.005     0.005     0.027
         1          3
     3.848     1.490     0.363
     0.734     0.438     0.258     0.037
         5
     0.438     0.258     0.005     0.005     0.027
