   3   1   4 E -4.4768445622347E+02 DE-6.2E-08(  9)
  0.564881706000E+01  0.000000000000E+00  0.000000000000E+00
  0.000000000000E+00  0.564881706000E+01  0.000000000000E+00
  0.000000000000E+00  0.000000000000E+00  0.467989795000E+01
    8
  0.100000000000E+01  0.000000000000E+00  0.000000000000E+00
  0.000000000000E+00  0.100000000000E+01  0.000000000000E+00
  0.000000000000E+00  0.000000000000E+00  0.100000000000E+01
  0.000000000000E+00  0.000000000000E+00  0.000000000000E+00
 -0.100000000000E+01  0.000000000000E+00  0.000000000000E+00
  0.000000000000E+00 -0.100000000000E+01  0.000000000000E+00
  0.000000000000E+00  0.000000000000E+00  0.100000000000E+01
  0.000000000000E+00  0.000000000000E+00  0.000000000000E+00
  0.100000000000E+01  0.000000000000E+00  0.000000000000E+00
  0.000000000000E+00 -0.100000000000E+01  0.000000000000E+00
  0.000000000000E+00  0.000000000000E+00 -0.100000000000E+01
  0.282440853000E+01  0.282440853000E+01  0.000000000000E+00
 -0.100000000000E+01  0.000000000000E+00  0.000000000000E+00
  0.000000000000E+00  0.100000000000E+01  0.000000000000E+00
  0.000000000000E+00  0.000000000000E+00 -0.100000000000E+01
  0.282440853000E+01  0.282440853000E+01  0.000000000000E+00
  0.000000000000E+00  0.100000000000E+01  0.000000000000E+00
  0.100000000000E+01  0.000000000000E+00  0.000000000000E+00
  0.000000000000E+00  0.000000000000E+00  0.100000000000E+01
  0.282440853000E+01  0.282440853000E+01  0.000000000000E+00
  0.000000000000E+00 -0.100000000000E+01  0.000000000000E+00
 -0.100000000000E+01  0.000000000000E+00  0.000000000000E+00
  0.000000000000E+00  0.000000000000E+00  0.100000000000E+01
  0.282440853000E+01  0.282440853000E+01  0.000000000000E+00
  0.000000000000E+00 -0.100000000000E+01  0.000000000000E+00
  0.100000000000E+01  0.000000000000E+00  0.000000000000E+00
  0.000000000000E+00  0.000000000000E+00 -0.100000000000E+01
  0.000000000000E+00  0.000000000000E+00  0.000000000000E+00
  0.000000000000E+00  0.100000000000E+01  0.000000000000E+00
 -0.100000000000E+01  0.000000000000E+00  0.000000000000E+00
  0.000000000000E+00  0.000000000000E+00 -0.100000000000E+01
  0.000000000000E+00  0.000000000000E+00  0.000000000000E+00
   16
    6     -0.000000000000      2.824408530000      1.504873119149
    6      2.824408530000     -0.000000000000     -1.504873119149
    8     -0.000000000000      2.824408530000     -1.931773209745
    8      2.824408530000     -0.000000000000      1.931773209745
    7      0.802046199718     -2.022362330282      0.803672169515
    7     -0.802046199718      2.022362330282      0.803672169515
    7     -2.022362330282     -0.802046199718     -0.803672169515
    7      2.022362330282      0.802046199718     -0.803672169515
    1      1.418667191138     -1.405741338862      1.286134857746
    1     -1.418667191138      1.405741338862      1.286134857746
    1     -1.405741338862     -1.418667191138     -1.286134857746
    1      1.405741338862      1.418667191138     -1.286134857746
    1      0.788215703362     -2.036192826638     -0.192337871518
    1     -0.788215703362      2.036192826638     -0.192337871518
    1     -2.036192826638     -0.788215703362      0.192337871518
    1      2.036192826638      0.788215703362      0.192337871518
  113    8
