   3   1   4 E -4.4997920652613E+02 DE-1.5E-08(  7)
  0.549935421674E+01  0.000000000000E+00  0.000000000000E+00
  0.000000000000E+00  0.549935421674E+01  0.000000000000E+00
  0.000000000000E+00  0.000000000000E+00  0.460604937950E+01
    8
  0.100000000000E+01  0.000000000000E+00  0.000000000000E+00
  0.000000000000E+00  0.100000000000E+01  0.000000000000E+00
  0.000000000000E+00  0.000000000000E+00  0.100000000000E+01
  0.000000000000E+00  0.000000000000E+00  0.000000000000E+00
 -0.100000000000E+01  0.000000000000E+00  0.000000000000E+00
  0.000000000000E+00 -0.100000000000E+01  0.000000000000E+00
  0.000000000000E+00  0.000000000000E+00  0.100000000000E+01
  0.000000000000E+00  0.000000000000E+00  0.000000000000E+00
  0.100000000000E+01  0.000000000000E+00  0.000000000000E+00
  0.000000000000E+00 -0.100000000000E+01  0.000000000000E+00
  0.000000000000E+00  0.000000000000E+00 -0.100000000000E+01
  0.274967710837E+01  0.274967710837E+01  0.000000000000E+00
 -0.100000000000E+01  0.000000000000E+00  0.000000000000E+00
  0.000000000000E+00  0.100000000000E+01  0.000000000000E+00
  0.000000000000E+00  0.000000000000E+00 -0.100000000000E+01
  0.274967710837E+01  0.274967710837E+01  0.000000000000E+00
  0.000000000000E+00  0.100000000000E+01  0.000000000000E+00
  0.100000000000E+01  0.000000000000E+00  0.000000000000E+00
  0.000000000000E+00  0.000000000000E+00  0.100000000000E+01
  0.274967710837E+01  0.274967710837E+01  0.000000000000E+00
  0.000000000000E+00 -0.100000000000E+01  0.000000000000E+00
 -0.100000000000E+01  0.000000000000E+00  0.000000000000E+00
  0.000000000000E+00  0.000000000000E+00  0.100000000000E+01
  0.274967710837E+01  0.274967710837E+01  0.000000000000E+00
  0.000000000000E+00 -0.100000000000E+01  0.000000000000E+00
  0.100000000000E+01  0.000000000000E+00  0.000000000000E+00
  0.000000000000E+00  0.000000000000E+00 -0.100000000000E+01
  0.000000000000E+00  0.000000000000E+00  0.000000000000E+00
  0.000000000000E+00  0.100000000000E+01  0.000000000000E+00
 -0.100000000000E+01  0.000000000000E+00  0.000000000000E+00
  0.000000000000E+00  0.000000000000E+00 -0.100000000000E+01
  0.000000000000E+00  0.000000000000E+00  0.000000000000E+00
   16
    6      0.000000000000      2.749677108368      1.471800592844
    6      2.749677108368      0.000000000000     -1.471800592844
    8      0.000000000000      2.749677108368     -1.856911191368
    8      2.749677108368      0.000000000000      1.856911191368
    7      0.811540051080     -1.938137057288      0.771002659392
    7     -0.811540051080      1.938137057288      0.771002659392
    7     -1.938137057288     -0.811540051080     -0.771002659392
    7      1.938137057288      0.811540051080     -0.771002659392
    1      1.441980907175     -1.307696201193      1.261569890271
    1     -1.441980907175      1.307696201193      1.261569890271
    1     -1.307696201193     -1.441980907175     -1.261569890271
    1      1.307696201193      1.441980907175     -1.261569890271
    1      0.792911671614     -1.956765436754     -0.244536863486
    1     -0.792911671614      1.956765436754     -0.244536863486
    1     -1.956765436754     -0.792911671614      0.244536863486
    1      1.956765436754      0.792911671614      0.244536863486
  113    8
