   3   1   4 E -4.4997918388679E+02 DE 1.6E-08(  3)
  0.550033986075E+01  0.000000000000E+00  0.000000000000E+00
  0.000000000000E+00  0.550033986075E+01  0.000000000000E+00
  0.000000000000E+00  0.000000000000E+00  0.460555666847E+01
    8
  0.100000000000E+01  0.000000000000E+00  0.000000000000E+00
  0.000000000000E+00  0.100000000000E+01  0.000000000000E+00
  0.000000000000E+00  0.000000000000E+00  0.100000000000E+01
  0.000000000000E+00  0.000000000000E+00  0.000000000000E+00
 -0.100000000000E+01  0.000000000000E+00  0.000000000000E+00
  0.000000000000E+00 -0.100000000000E+01  0.000000000000E+00
  0.000000000000E+00  0.000000000000E+00  0.100000000000E+01
  0.000000000000E+00  0.000000000000E+00  0.000000000000E+00
  0.100000000000E+01  0.000000000000E+00  0.000000000000E+00
  0.000000000000E+00 -0.100000000000E+01  0.000000000000E+00
  0.000000000000E+00  0.000000000000E+00 -0.100000000000E+01
  0.275016993038E+01  0.275016993038E+01  0.000000000000E+00
 -0.100000000000E+01  0.000000000000E+00  0.000000000000E+00
  0.000000000000E+00  0.100000000000E+01  0.000000000000E+00
  0.000000000000E+00  0.000000000000E+00 -0.100000000000E+01
  0.275016993038E+01  0.275016993038E+01  0.000000000000E+00
  0.000000000000E+00  0.100000000000E+01  0.000000000000E+00
  0.100000000000E+01  0.000000000000E+00  0.000000000000E+00
  0.000000000000E+00  0.000000000000E+00  0.100000000000E+01
  0.275016993038E+01  0.275016993038E+01  0.000000000000E+00
  0.000000000000E+00 -0.100000000000E+01  0.000000000000E+00
 -0.100000000000E+01  0.000000000000E+00  0.000000000000E+00
  0.000000000000E+00  0.000000000000E+00  0.100000000000E+01
  0.275016993038E+01  0.275016993038E+01  0.000000000000E+00
  0.000000000000E+00 -0.100000000000E+01  0.000000000000E+00
  0.100000000000E+01  0.000000000000E+00  0.000000000000E+00
  0.000000000000E+00  0.000000000000E+00 -0.100000000000E+01
  0.000000000000E+00  0.000000000000E+00  0.000000000000E+00
  0.000000000000E+00  0.100000000000E+01  0.000000000000E+00
 -0.100000000000E+01  0.000000000000E+00  0.000000000000E+00
  0.000000000000E+00  0.000000000000E+00 -0.100000000000E+01
  0.000000000000E+00  0.000000000000E+00  0.000000000000E+00
   16
    6      0.000000000000      2.750169930376      1.472042011738
    6      2.750169930376      0.000000000000     -1.472042011738
    8      0.000000000000      2.750169930376     -1.856203764696
    8      2.750169930376      0.000000000000      1.856203764696
    7      0.811533284089     -1.938636646287      0.771226905136
    7     -0.811533284089      1.938636646287      0.771226905136
    7     -1.938636646287     -0.811533284089     -0.771226905136
    7      1.938636646287      0.811533284089     -0.771226905136
    1      1.442038156668     -1.308131773708      1.261549733347
    1     -1.442038156668      1.308131773708      1.261549733347
    1     -1.308131773708     -1.442038156668     -1.261549733347
    1      1.308131773708      1.442038156668     -1.261549733347
    1      0.792973366445     -1.957196563931     -0.244324737138
    1     -0.792973366445      1.957196563931     -0.244324737138
    1     -1.957196563931     -0.792973366445      0.244324737138
    1      1.957196563931      0.792973366445      0.244324737138
  113    8
