   3   1   4 E -4.4997918372999E+02 DE-1.5E-09(  4)
  0.550079749894E+01  0.000000000000E+00  0.000000000000E+00
  0.000000000000E+00  0.550079749894E+01  0.000000000000E+00
  0.000000000000E+00  0.000000000000E+00  0.460531291775E+01
    8
  0.100000000000E+01  0.000000000000E+00  0.000000000000E+00
  0.000000000000E+00  0.100000000000E+01  0.000000000000E+00
  0.000000000000E+00  0.000000000000E+00  0.100000000000E+01
  0.000000000000E+00  0.000000000000E+00  0.000000000000E+00
 -0.100000000000E+01  0.000000000000E+00  0.000000000000E+00
  0.000000000000E+00 -0.100000000000E+01  0.000000000000E+00
  0.000000000000E+00  0.000000000000E+00  0.100000000000E+01
  0.000000000000E+00  0.000000000000E+00  0.000000000000E+00
  0.100000000000E+01  0.000000000000E+00  0.000000000000E+00
  0.000000000000E+00 -0.100000000000E+01  0.000000000000E+00
  0.000000000000E+00  0.000000000000E+00 -0.100000000000E+01
  0.275039874947E+01  0.275039874947E+01  0.000000000000E+00
 -0.100000000000E+01  0.000000000000E+00  0.000000000000E+00
  0.000000000000E+00  0.100000000000E+01  0.000000000000E+00
  0.000000000000E+00  0.000000000000E+00 -0.100000000000E+01
  0.275039874947E+01  0.275039874947E+01  0.000000000000E+00
  0.000000000000E+00  0.100000000000E+01  0.000000000000E+00
  0.100000000000E+01  0.000000000000E+00  0.000000000000E+00
  0.000000000000E+00  0.000000000000E+00  0.100000000000E+01
  0.275039874947E+01  0.275039874947E+01  0.000000000000E+00
  0.000000000000E+00 -0.100000000000E+01  0.000000000000E+00
 -0.100000000000E+01  0.000000000000E+00  0.000000000000E+00
  0.000000000000E+00  0.000000000000E+00  0.100000000000E+01
  0.275039874947E+01  0.275039874947E+01  0.000000000000E+00
  0.000000000000E+00 -0.100000000000E+01  0.000000000000E+00
  0.100000000000E+01  0.000000000000E+00  0.000000000000E+00
  0.000000000000E+00  0.000000000000E+00 -0.100000000000E+01
  0.000000000000E+00  0.000000000000E+00  0.000000000000E+00
  0.000000000000E+00  0.100000000000E+01  0.000000000000E+00
 -0.100000000000E+01  0.000000000000E+00  0.000000000000E+00
  0.000000000000E+00  0.000000000000E+00 -0.100000000000E+01
  0.000000000000E+00  0.000000000000E+00  0.000000000000E+00
   16
    6      0.000000000000      2.750398749468      1.472534042495
    6      2.750398749468      0.000000000000     -1.472534042495
    8      0.000000000000      2.750398749468     -1.855517942518
    8      2.750398749468      0.000000000000      1.855517942518
    7      0.811477155062     -1.938921594406      0.771714229149
    7     -0.811477155062      1.938921594406      0.771714229149
    7     -1.938921594406     -0.811477155062     -0.771714229149
    7      1.938921594406      0.811477155062     -0.771714229149
    1      1.442038987902     -1.308359761566      1.261771124131
    1     -1.442038987902      1.308359761566      1.261771124131
    1     -1.308359761566     -1.442038987902     -1.261771124131
    1      1.308359761566      1.442038987902     -1.261771124131
    1      0.792983475417     -1.957415274051     -0.243811992912
    1     -0.792983475417      1.957415274051     -0.243811992912
    1     -1.957415274051     -0.792983475417      0.243811992912
    1      1.957415274051      0.792983475417      0.243811992912
  113    8
