   3   1   4 E -4.4997918249756E+02 DE-2.1E-09(  4)
  0.550026339617E+01  0.000000000000E+00  0.000000000000E+00
  0.000000000000E+00  0.550026339617E+01  0.000000000000E+00
  0.000000000000E+00  0.000000000000E+00  0.460566039764E+01
    8
  0.100000000000E+01  0.000000000000E+00  0.000000000000E+00
  0.000000000000E+00  0.100000000000E+01  0.000000000000E+00
  0.000000000000E+00  0.000000000000E+00  0.100000000000E+01
  0.000000000000E+00  0.000000000000E+00  0.000000000000E+00
 -0.100000000000E+01  0.000000000000E+00  0.000000000000E+00
  0.000000000000E+00 -0.100000000000E+01  0.000000000000E+00
  0.000000000000E+00  0.000000000000E+00  0.100000000000E+01
  0.000000000000E+00  0.000000000000E+00  0.000000000000E+00
  0.100000000000E+01  0.000000000000E+00  0.000000000000E+00
  0.000000000000E+00 -0.100000000000E+01  0.000000000000E+00
  0.000000000000E+00  0.000000000000E+00 -0.100000000000E+01
  0.275013169808E+01  0.275013169808E+01  0.000000000000E+00
 -0.100000000000E+01  0.000000000000E+00  0.000000000000E+00
  0.000000000000E+00  0.100000000000E+01  0.000000000000E+00
  0.000000000000E+00  0.000000000000E+00 -0.100000000000E+01
  0.275013169808E+01  0.275013169808E+01  0.000000000000E+00
  0.000000000000E+00  0.100000000000E+01  0.000000000000E+00
  0.100000000000E+01  0.000000000000E+00  0.000000000000E+00
  0.000000000000E+00  0.000000000000E+00  0.100000000000E+01
  0.275013169808E+01  0.275013169808E+01  0.000000000000E+00
  0.000000000000E+00 -0.100000000000E+01  0.000000000000E+00
 -0.100000000000E+01  0.000000000000E+00  0.000000000000E+00
  0.000000000000E+00  0.000000000000E+00  0.100000000000E+01
  0.275013169808E+01  0.275013169808E+01  0.000000000000E+00
  0.000000000000E+00 -0.100000000000E+01  0.000000000000E+00
  0.100000000000E+01  0.000000000000E+00  0.000000000000E+00
  0.000000000000E+00  0.000000000000E+00 -0.100000000000E+01
  0.000000000000E+00  0.000000000000E+00  0.000000000000E+00
  0.000000000000E+00  0.100000000000E+01  0.000000000000E+00
 -0.100000000000E+01  0.000000000000E+00  0.000000000000E+00
  0.000000000000E+00  0.000000000000E+00 -0.100000000000E+01
  0.000000000000E+00  0.000000000000E+00  0.000000000000E+00
   16
    6      0.000000000000      2.750131698085      1.474310109823
    6      2.750131698085      0.000000000000     -1.474310109823
    8      0.000000000000      2.750131698085     -1.854011697236
    8      2.750131698085      0.000000000000      1.854011697236
    7      0.811566618210     -1.938565079875      0.773733277763
    7     -0.811566618210      1.938565079875      0.773733277763
    7     -1.938565079875     -0.811566618210     -0.773733277763
    7      1.938565079875      0.811566618210     -0.773733277763
    1      1.442158818071     -1.307972880014      1.263680565537
    1     -1.442158818071      1.307972880014      1.263680565537
    1     -1.307972880014     -1.442158818071     -1.263680565537
    1      1.307972880014      1.442158818071     -1.263680565537
    1      0.793010665794     -1.957121032291     -0.241648063526
    1     -0.793010665794      1.957121032291     -0.241648063526
    1     -1.957121032291     -0.793010665794      0.241648063526
    1      1.957121032291      0.793010665794      0.241648063526
  113    8
