   3   1   4 E -4.4997916786168E+02 DE-6.1E-09(  6)
  0.549353750917E+01  0.000000000000E+00  0.000000000000E+00
  0.000000000000E+00  0.549353750917E+01  0.000000000000E+00
  0.000000000000E+00  0.000000000000E+00  0.460735808606E+01
    8
  0.100000000000E+01  0.000000000000E+00  0.000000000000E+00
  0.000000000000E+00  0.100000000000E+01  0.000000000000E+00
  0.000000000000E+00  0.000000000000E+00  0.100000000000E+01
  0.000000000000E+00  0.000000000000E+00  0.000000000000E+00
 -0.100000000000E+01  0.000000000000E+00  0.000000000000E+00
  0.000000000000E+00 -0.100000000000E+01  0.000000000000E+00
  0.000000000000E+00  0.000000000000E+00  0.100000000000E+01
  0.000000000000E+00  0.000000000000E+00  0.000000000000E+00
  0.100000000000E+01  0.000000000000E+00  0.000000000000E+00
  0.000000000000E+00 -0.100000000000E+01  0.000000000000E+00
  0.000000000000E+00  0.000000000000E+00 -0.100000000000E+01
  0.274676875459E+01  0.274676875459E+01  0.000000000000E+00
 -0.100000000000E+01  0.000000000000E+00  0.000000000000E+00
  0.000000000000E+00  0.100000000000E+01  0.000000000000E+00
  0.000000000000E+00  0.000000000000E+00 -0.100000000000E+01
  0.274676875459E+01  0.274676875459E+01  0.000000000000E+00
  0.000000000000E+00  0.100000000000E+01  0.000000000000E+00
  0.100000000000E+01  0.000000000000E+00  0.000000000000E+00
  0.000000000000E+00  0.000000000000E+00  0.100000000000E+01
  0.274676875459E+01  0.274676875459E+01  0.000000000000E+00
  0.000000000000E+00 -0.100000000000E+01  0.000000000000E+00
 -0.100000000000E+01  0.000000000000E+00  0.000000000000E+00
  0.000000000000E+00  0.000000000000E+00  0.100000000000E+01
  0.274676875459E+01  0.274676875459E+01  0.000000000000E+00
  0.000000000000E+00 -0.100000000000E+01  0.000000000000E+00
  0.100000000000E+01  0.000000000000E+00  0.000000000000E+00
  0.000000000000E+00  0.000000000000E+00 -0.100000000000E+01
  0.000000000000E+00  0.000000000000E+00  0.000000000000E+00
  0.000000000000E+00  0.100000000000E+01  0.000000000000E+00
 -0.100000000000E+01  0.000000000000E+00  0.000000000000E+00
  0.000000000000E+00  0.000000000000E+00 -0.100000000000E+01
  0.000000000000E+00  0.000000000000E+00  0.000000000000E+00
   16
    6      0.000000000000      2.746768754586      1.476968188106
    6      2.746768754586      0.000000000000     -1.476968188106
    8      0.000000000000      2.746768754586     -1.851989577609
    8      2.746768754586      0.000000000000      1.851989577609
    7      0.811597410083     -1.935171344503      0.776426959139
    7     -0.811597410083      1.935171344503      0.776426959139
    7     -1.935171344503     -0.811597410083     -0.776426959139
    7      1.935171344503      0.811597410083     -0.776426959139
    1      1.442203031879     -1.304565722707      1.268292202930
    1     -1.442203031879      1.304565722707      1.268292202930
    1     -1.304565722707     -1.442203031879     -1.268292202930
    1      1.304565722707      1.442203031879     -1.268292202930
    1      0.792353617122     -1.954415137464     -0.239447310586
    1     -0.792353617122      1.954415137464     -0.239447310586
    1     -1.954415137464     -0.792353617122      0.239447310586
    1      1.954415137464      0.792353617122      0.239447310586
  113    8
