   3   1   4 E -4.4997920655646E+02 DE-7.4E-09(  3)
  0.549867927297E+01  0.000000000000E+00  0.000000000000E+00
  0.000000000000E+00  0.549867927297E+01  0.000000000000E+00
  0.000000000000E+00  0.000000000000E+00  0.460603726463E+01
    8
  0.100000000000E+01  0.000000000000E+00  0.000000000000E+00
  0.000000000000E+00  0.100000000000E+01  0.000000000000E+00
  0.000000000000E+00  0.000000000000E+00  0.100000000000E+01
  0.000000000000E+00  0.000000000000E+00  0.000000000000E+00
 -0.100000000000E+01  0.000000000000E+00  0.000000000000E+00
  0.000000000000E+00 -0.100000000000E+01  0.000000000000E+00
  0.000000000000E+00  0.000000000000E+00  0.100000000000E+01
  0.000000000000E+00  0.000000000000E+00  0.000000000000E+00
  0.100000000000E+01  0.000000000000E+00  0.000000000000E+00
  0.000000000000E+00 -0.100000000000E+01  0.000000000000E+00
  0.000000000000E+00  0.000000000000E+00 -0.100000000000E+01
  0.274933963648E+01  0.274933963648E+01  0.000000000000E+00
 -0.100000000000E+01  0.000000000000E+00  0.000000000000E+00
  0.000000000000E+00  0.100000000000E+01  0.000000000000E+00
  0.000000000000E+00  0.000000000000E+00 -0.100000000000E+01
  0.274933963648E+01  0.274933963648E+01  0.000000000000E+00
  0.000000000000E+00  0.100000000000E+01  0.000000000000E+00
  0.100000000000E+01  0.000000000000E+00  0.000000000000E+00
  0.000000000000E+00  0.000000000000E+00  0.100000000000E+01
  0.274933963648E+01  0.274933963648E+01  0.000000000000E+00
  0.000000000000E+00 -0.100000000000E+01  0.000000000000E+00
 -0.100000000000E+01  0.000000000000E+00  0.000000000000E+00
  0.000000000000E+00  0.000000000000E+00  0.100000000000E+01
  0.274933963648E+01  0.274933963648E+01  0.000000000000E+00
  0.000000000000E+00 -0.100000000000E+01  0.000000000000E+00
  0.100000000000E+01  0.000000000000E+00  0.000000000000E+00
  0.000000000000E+00  0.000000000000E+00 -0.100000000000E+01
  0.000000000000E+00  0.000000000000E+00  0.000000000000E+00
  0.000000000000E+00  0.100000000000E+01  0.000000000000E+00
 -0.100000000000E+01  0.000000000000E+00  0.000000000000E+00
  0.000000000000E+00  0.000000000000E+00 -0.100000000000E+01
  0.000000000000E+00  0.000000000000E+00  0.000000000000E+00
   16
    6      0.000000000000      2.749339636483      1.471013579536
    6      2.749339636483      0.000000000000     -1.471013579536
    8      0.000000000000      2.749339636483     -1.857705682644
    8      2.749339636483      0.000000000000      1.857705682644
    7      0.811547631735     -1.937792004748      0.770242849963
    7     -0.811547631735      1.937792004748      0.770242849963
    7     -1.937792004748     -0.811547631735     -0.770242849963
    7      1.937792004748      0.811547631735     -0.770242849963
    1      1.441961885012     -1.307377751472      1.260914179998
    1     -1.441961885012      1.307377751472      1.260914179998
    1     -1.307377751472     -1.441961885012     -1.260914179998
    1      1.307377751472      1.441961885012     -1.260914179998
    1      0.792859986125     -1.956479650358     -0.245302157132
    1     -0.792859986125      1.956479650358     -0.245302157132
    1     -1.956479650358     -0.792859986125      0.245302157132
    1      1.956479650358      0.792859986125      0.245302157132
  113    8
