   3   1   4 E -4.4997832208813E+02 DE 1.6E-08(  7)
  0.555033691348E+01  0.000000000000E+00  0.000000000000E+00
  0.000000000000E+00  0.555033691348E+01  0.000000000000E+00
  0.000000000000E+00  0.000000000000E+00  0.468170749515E+01
    8
  0.100000000000E+01  0.000000000000E+00  0.000000000000E+00
  0.000000000000E+00  0.100000000000E+01  0.000000000000E+00
  0.000000000000E+00  0.000000000000E+00  0.100000000000E+01
  0.000000000000E+00  0.000000000000E+00  0.000000000000E+00
 -0.100000000000E+01  0.000000000000E+00  0.000000000000E+00
  0.000000000000E+00 -0.100000000000E+01  0.000000000000E+00
  0.000000000000E+00  0.000000000000E+00  0.100000000000E+01
  0.000000000000E+00  0.000000000000E+00  0.000000000000E+00
  0.100000000000E+01  0.000000000000E+00  0.000000000000E+00
  0.000000000000E+00 -0.100000000000E+01  0.000000000000E+00
  0.000000000000E+00  0.000000000000E+00 -0.100000000000E+01
  0.277516845674E+01  0.277516845674E+01  0.000000000000E+00
 -0.100000000000E+01  0.000000000000E+00  0.000000000000E+00
  0.000000000000E+00  0.100000000000E+01  0.000000000000E+00
  0.000000000000E+00  0.000000000000E+00 -0.100000000000E+01
  0.277516845674E+01  0.277516845674E+01  0.000000000000E+00
  0.000000000000E+00  0.100000000000E+01  0.000000000000E+00
  0.100000000000E+01  0.000000000000E+00  0.000000000000E+00
  0.000000000000E+00  0.000000000000E+00  0.100000000000E+01
  0.277516845674E+01  0.277516845674E+01  0.000000000000E+00
  0.000000000000E+00 -0.100000000000E+01  0.000000000000E+00
 -0.100000000000E+01  0.000000000000E+00  0.000000000000E+00
  0.000000000000E+00  0.000000000000E+00  0.100000000000E+01
  0.277516845674E+01  0.277516845674E+01  0.000000000000E+00
  0.000000000000E+00 -0.100000000000E+01  0.000000000000E+00
  0.100000000000E+01  0.000000000000E+00  0.000000000000E+00
  0.000000000000E+00  0.000000000000E+00 -0.100000000000E+01
  0.000000000000E+00  0.000000000000E+00  0.000000000000E+00
  0.000000000000E+00  0.100000000000E+01  0.000000000000E+00
 -0.100000000000E+01  0.000000000000E+00  0.000000000000E+00
  0.000000000000E+00  0.000000000000E+00 -0.100000000000E+01
  0.000000000000E+00  0.000000000000E+00  0.000000000000E+00
   16
    6      0.000000000000      2.775168456738      1.521723116698
    6      2.775168456738      0.000000000000     -1.521723116698
    8      0.000000000000      2.775168456738     -1.886822710569
    8      2.775168456738      0.000000000000      1.886822710569
    7      0.811977301848     -1.963191154890      0.814817334903
    7     -0.811977301848      1.963191154890      0.814817334903
    7     -1.963191154890     -0.811977301848     -0.814817334903
    7      1.963191154890      0.811977301848     -0.814817334903
    1      1.438284467630     -1.336883989108      1.312038652164
    1     -1.438284467630      1.336883989108      1.312038652164
    1     -1.336883989108     -1.438284467630     -1.312038652164
    1      1.336883989108      1.438284467630     -1.312038652164
    1      0.798992757091     -1.976175699647     -0.198291965499
    1     -0.798992757091      1.976175699647     -0.198291965499
    1     -1.976175699647     -0.798992757091      0.198291965499
    1      1.976175699647      0.798992757091      0.198291965499
  113    8
