   3   1   4 E -4.4997918047733E+02 DE-3.4E-07(  3)
  0.549878432815E+01  0.000000000000E+00  0.000000000000E+00
  0.000000000000E+00  0.549878432815E+01  0.000000000000E+00
  0.000000000000E+00  0.000000000000E+00  0.460605985416E+01
    8
  0.100000000000E+01  0.000000000000E+00  0.000000000000E+00
  0.000000000000E+00  0.100000000000E+01  0.000000000000E+00
  0.000000000000E+00  0.000000000000E+00  0.100000000000E+01
  0.000000000000E+00  0.000000000000E+00  0.000000000000E+00
 -0.100000000000E+01  0.000000000000E+00  0.000000000000E+00
  0.000000000000E+00 -0.100000000000E+01  0.000000000000E+00
  0.000000000000E+00  0.000000000000E+00  0.100000000000E+01
  0.000000000000E+00  0.000000000000E+00  0.000000000000E+00
  0.100000000000E+01  0.000000000000E+00  0.000000000000E+00
  0.000000000000E+00 -0.100000000000E+01  0.000000000000E+00
  0.000000000000E+00  0.000000000000E+00 -0.100000000000E+01
  0.274939216407E+01  0.274939216407E+01  0.000000000000E+00
 -0.100000000000E+01  0.000000000000E+00  0.000000000000E+00
  0.000000000000E+00  0.100000000000E+01  0.000000000000E+00
  0.000000000000E+00  0.000000000000E+00 -0.100000000000E+01
  0.274939216407E+01  0.274939216407E+01  0.000000000000E+00
  0.000000000000E+00  0.100000000000E+01  0.000000000000E+00
  0.100000000000E+01  0.000000000000E+00  0.000000000000E+00
  0.000000000000E+00  0.000000000000E+00  0.100000000000E+01
  0.274939216407E+01  0.274939216407E+01  0.000000000000E+00
  0.000000000000E+00 -0.100000000000E+01  0.000000000000E+00
 -0.100000000000E+01  0.000000000000E+00  0.000000000000E+00
  0.000000000000E+00  0.000000000000E+00  0.100000000000E+01
  0.274939216407E+01  0.274939216407E+01  0.000000000000E+00
  0.000000000000E+00 -0.100000000000E+01  0.000000000000E+00
  0.100000000000E+01  0.000000000000E+00  0.000000000000E+00
  0.000000000000E+00  0.000000000000E+00 -0.100000000000E+01
  0.000000000000E+00  0.000000000000E+00  0.000000000000E+00
  0.000000000000E+00  0.100000000000E+01  0.000000000000E+00
 -0.100000000000E+01  0.000000000000E+00  0.000000000000E+00
  0.000000000000E+00  0.000000000000E+00 -0.100000000000E+01
  0.000000000000E+00  0.000000000000E+00  0.000000000000E+00
   16
    6      0.000000000000      2.749392164073      1.475550355770
    6      2.749392164073      0.000000000000     -1.475550355770
    8      0.000000000000      2.749392164073     -1.853107973103
    8      2.749392164073      0.000000000000      1.853107973103
    7      0.811542654745     -1.937849509328      0.775102121078
    7     -0.811542654745      1.937849509328      0.775102121078
    7     -1.937849509328     -0.811542654745     -0.775102121078
    7      1.937849509328      0.811542654745     -0.775102121078
    1      1.442097952840     -1.307294211232      1.265283590326
    1     -1.442097952840      1.307294211232      1.265283590326
    1     -1.307294211232     -1.442097952840     -1.265283590326
    1      1.307294211232      1.442097952840     -1.265283590326
    1      0.792876075008     -1.956516089064     -0.240249454033
    1     -0.792876075008      1.956516089064     -0.240249454033
    1     -1.956516089064     -0.792876075008      0.240249454033
    1      1.956516089064      0.792876075008      0.240249454033
  113    8
