   3   1   4 E -4.4997701572177E+02 DE-1.3E-09(  9)
  0.556500000000E+01  0.000000000000E+00  0.000000000000E+00
  0.000000000000E+00  0.556500000000E+01  0.000000000000E+00
  0.000000000000E+00  0.000000000000E+00  0.468400000000E+01
    8
  0.100000000000E+01  0.000000000000E+00  0.000000000000E+00
  0.000000000000E+00  0.100000000000E+01  0.000000000000E+00
  0.000000000000E+00  0.000000000000E+00  0.100000000000E+01
  0.000000000000E+00  0.000000000000E+00  0.000000000000E+00
 -0.100000000000E+01  0.000000000000E+00  0.000000000000E+00
  0.000000000000E+00 -0.100000000000E+01  0.000000000000E+00
  0.000000000000E+00  0.000000000000E+00  0.100000000000E+01
  0.000000000000E+00  0.000000000000E+00  0.000000000000E+00
  0.100000000000E+01  0.000000000000E+00  0.000000000000E+00
  0.000000000000E+00 -0.100000000000E+01  0.000000000000E+00
  0.000000000000E+00  0.000000000000E+00 -0.100000000000E+01
  0.278250000000E+01  0.278250000000E+01  0.000000000000E+00
 -0.100000000000E+01  0.000000000000E+00  0.000000000000E+00
  0.000000000000E+00  0.100000000000E+01  0.000000000000E+00
  0.000000000000E+00  0.000000000000E+00 -0.100000000000E+01
  0.278250000000E+01  0.278250000000E+01  0.000000000000E+00
  0.000000000000E+00  0.100000000000E+01  0.000000000000E+00
  0.100000000000E+01  0.000000000000E+00  0.000000000000E+00
  0.000000000000E+00  0.000000000000E+00  0.100000000000E+01
  0.278250000000E+01  0.278250000000E+01  0.000000000000E+00
  0.000000000000E+00 -0.100000000000E+01  0.000000000000E+00
 -0.100000000000E+01  0.000000000000E+00  0.000000000000E+00
  0.000000000000E+00  0.000000000000E+00  0.100000000000E+01
  0.278250000000E+01  0.278250000000E+01  0.000000000000E+00
  0.000000000000E+00 -0.100000000000E+01  0.000000000000E+00
  0.100000000000E+01  0.000000000000E+00  0.000000000000E+00
  0.000000000000E+00  0.000000000000E+00 -0.100000000000E+01
  0.000000000000E+00  0.000000000000E+00  0.000000000000E+00
  0.000000000000E+00  0.100000000000E+01  0.000000000000E+00
 -0.100000000000E+01  0.000000000000E+00  0.000000000000E+00
  0.000000000000E+00  0.000000000000E+00 -0.100000000000E+01
  0.000000000000E+00  0.000000000000E+00  0.000000000000E+00
   16
    6      0.000000000000      2.782500000000      1.526984000000
    6      2.782500000000      0.000000000000     -1.526984000000
    8      0.000000000000      2.782500000000     -1.895614800000
    8      2.782500000000      0.000000000000      1.895614800000
    7      0.811933500000     -1.970566500000      0.827194400000
    7     -0.811933500000      1.970566500000      0.827194400000
    7     -1.970566500000     -0.811933500000     -0.827194400000
    7      1.970566500000      0.811933500000     -0.827194400000
    1      1.432987500000     -1.349512500000      1.324166800000
    1     -1.432987500000      1.349512500000      1.324166800000
    1     -1.349512500000     -1.432987500000     -1.324166800000
    1      1.349512500000      1.432987500000     -1.324166800000
    1      0.801916500000     -1.980583500000     -0.177992000000
    1     -0.801916500000      1.980583500000     -0.177992000000
    1     -1.980583500000     -0.801916500000      0.177992000000
    1      1.980583500000      0.801916500000      0.177992000000
  113    8
