   3   1   4 E -4.4997918989545E+02 DE-6.5E-09(  3)
  0.549836198041E+01  0.000000000000E+00  0.000000000000E+00
  0.000000000000E+00  0.549836198041E+01  0.000000000000E+00
  0.000000000000E+00  0.000000000000E+00  0.460621802647E+01
    8
  0.100000000000E+01  0.000000000000E+00  0.000000000000E+00
  0.000000000000E+00  0.100000000000E+01  0.000000000000E+00
  0.000000000000E+00  0.000000000000E+00  0.100000000000E+01
  0.000000000000E+00  0.000000000000E+00  0.000000000000E+00
 -0.100000000000E+01  0.000000000000E+00  0.000000000000E+00
  0.000000000000E+00 -0.100000000000E+01  0.000000000000E+00
  0.000000000000E+00  0.000000000000E+00  0.100000000000E+01
  0.000000000000E+00  0.000000000000E+00  0.000000000000E+00
  0.100000000000E+01  0.000000000000E+00  0.000000000000E+00
  0.000000000000E+00 -0.100000000000E+01  0.000000000000E+00
  0.000000000000E+00  0.000000000000E+00 -0.100000000000E+01
  0.274918099021E+01  0.274918099021E+01  0.000000000000E+00
 -0.100000000000E+01  0.000000000000E+00  0.000000000000E+00
  0.000000000000E+00  0.100000000000E+01  0.000000000000E+00
  0.000000000000E+00  0.000000000000E+00 -0.100000000000E+01
  0.274918099021E+01  0.274918099021E+01  0.000000000000E+00
  0.000000000000E+00  0.100000000000E+01  0.000000000000E+00
  0.100000000000E+01  0.000000000000E+00  0.000000000000E+00
  0.000000000000E+00  0.000000000000E+00  0.100000000000E+01
  0.274918099021E+01  0.274918099021E+01  0.000000000000E+00
  0.000000000000E+00 -0.100000000000E+01  0.000000000000E+00
 -0.100000000000E+01  0.000000000000E+00  0.000000000000E+00
  0.000000000000E+00  0.000000000000E+00  0.100000000000E+01
  0.274918099021E+01  0.274918099021E+01  0.000000000000E+00
  0.000000000000E+00 -0.100000000000E+01  0.000000000000E+00
  0.100000000000E+01  0.000000000000E+00  0.000000000000E+00
  0.000000000000E+00  0.000000000000E+00 -0.100000000000E+01
  0.000000000000E+00  0.000000000000E+00  0.000000000000E+00
  0.000000000000E+00  0.100000000000E+01  0.000000000000E+00
 -0.100000000000E+01  0.000000000000E+00  0.000000000000E+00
  0.000000000000E+00  0.000000000000E+00 -0.100000000000E+01
  0.000000000000E+00  0.000000000000E+00  0.000000000000E+00
   16
    6      0.000000000000      2.749180990207      1.470926883457
    6      2.749180990207      0.000000000000     -1.470926883457
    8      0.000000000000      2.749180990207     -1.857986567209
    8      2.749180990207      0.000000000000      1.857986567209
    7      0.811549107062     -1.937631883145      0.770160681917
    7     -0.811549107062      1.937631883145      0.770160681917
    7     -1.937631883145     -0.811549107062     -0.770160681917
    7      1.937631883145      0.811549107062     -0.770160681917
    1      1.441973255045     -1.307207735162      1.260799698574
    1     -1.441973255045      1.307207735162      1.260799698574
    1     -1.307207735162     -1.441973255045     -1.260799698574
    1      1.307207735162      1.441973255045     -1.260799698574
    1      0.792843716272     -1.956337273935     -0.245368150022
    1     -0.792843716272      1.956337273935     -0.245368150022
    1     -1.956337273935     -0.792843716272      0.245368150022
    1      1.956337273935      0.792843716272      0.245368150022
  113    8
