   3   1   4 E -4.4997917547887E+02 DE 4.9E-09(  5)
  0.549598870983E+01  0.000000000000E+00  0.000000000000E+00
  0.000000000000E+00  0.549598870983E+01  0.000000000000E+00
  0.000000000000E+00  0.000000000000E+00  0.460689760872E+01
    8
  0.100000000000E+01  0.000000000000E+00  0.000000000000E+00
  0.000000000000E+00  0.100000000000E+01  0.000000000000E+00
  0.000000000000E+00  0.000000000000E+00  0.100000000000E+01
  0.000000000000E+00  0.000000000000E+00  0.000000000000E+00
 -0.100000000000E+01  0.000000000000E+00  0.000000000000E+00
  0.000000000000E+00 -0.100000000000E+01  0.000000000000E+00
  0.000000000000E+00  0.000000000000E+00  0.100000000000E+01
  0.000000000000E+00  0.000000000000E+00  0.000000000000E+00
  0.100000000000E+01  0.000000000000E+00  0.000000000000E+00
  0.000000000000E+00 -0.100000000000E+01  0.000000000000E+00
  0.000000000000E+00  0.000000000000E+00 -0.100000000000E+01
  0.274799435492E+01  0.274799435492E+01  0.000000000000E+00
 -0.100000000000E+01  0.000000000000E+00  0.000000000000E+00
  0.000000000000E+00  0.100000000000E+01  0.000000000000E+00
  0.000000000000E+00  0.000000000000E+00 -0.100000000000E+01
  0.274799435492E+01  0.274799435492E+01  0.000000000000E+00
  0.000000000000E+00  0.100000000000E+01  0.000000000000E+00
  0.100000000000E+01  0.000000000000E+00  0.000000000000E+00
  0.000000000000E+00  0.000000000000E+00  0.100000000000E+01
  0.274799435492E+01  0.274799435492E+01  0.000000000000E+00
  0.000000000000E+00 -0.100000000000E+01  0.000000000000E+00
 -0.100000000000E+01  0.000000000000E+00  0.000000000000E+00
  0.000000000000E+00  0.000000000000E+00  0.100000000000E+01
  0.274799435492E+01  0.274799435492E+01  0.000000000000E+00
  0.000000000000E+00 -0.100000000000E+01  0.000000000000E+00
  0.100000000000E+01  0.000000000000E+00  0.000000000000E+00
  0.000000000000E+00  0.000000000000E+00 -0.100000000000E+01
  0.000000000000E+00  0.000000000000E+00  0.000000000000E+00
  0.000000000000E+00  0.100000000000E+01  0.000000000000E+00
 -0.100000000000E+01  0.000000000000E+00  0.000000000000E+00
  0.000000000000E+00  0.000000000000E+00 -0.100000000000E+01
  0.000000000000E+00  0.000000000000E+00  0.000000000000E+00
   16
    6      0.000000000000      2.747994354915      1.476629457432
    6      2.747994354915      0.000000000000     -1.476629457432
    8      0.000000000000      2.747994354915     -1.852422539848
    8      2.747994354915      0.000000000000      1.852422539848
    7      0.811615299482     -1.936379055434      0.776318488345
    7     -0.811615299482      1.936379055434      0.776318488345
    7     -1.936379055434     -0.811615299482     -0.776318488345
    7      1.936379055434      0.811615299482     -0.776318488345
    1      1.442142494851     -1.305851860065      1.267426571384
    1     -1.442142494851      1.305851860065      1.267426571384
    1     -1.305851860065     -1.442142494851     -1.267426571384
    1      1.305851860065      1.442142494851     -1.267426571384
    1      0.792646785699     -1.955347569216     -0.239229148591
    1     -0.792646785699      1.955347569216     -0.239229148591
    1     -1.955347569216     -0.792646785699      0.239229148591
    1      1.955347569216      0.792646785699      0.239229148591
  113    8
