   3   1   4 E -4.4997897539731E+02 DE-1.7E-08(  6)
  0.551995228540E+01  0.000000000000E+00  0.000000000000E+00
  0.000000000000E+00  0.551995228540E+01  0.000000000000E+00
  0.000000000000E+00  0.000000000000E+00  0.464356792938E+01
    8
  0.100000000000E+01  0.000000000000E+00  0.000000000000E+00
  0.000000000000E+00  0.100000000000E+01  0.000000000000E+00
  0.000000000000E+00  0.000000000000E+00  0.100000000000E+01
  0.000000000000E+00  0.000000000000E+00  0.000000000000E+00
 -0.100000000000E+01  0.000000000000E+00  0.000000000000E+00
  0.000000000000E+00 -0.100000000000E+01  0.000000000000E+00
  0.000000000000E+00  0.000000000000E+00  0.100000000000E+01
  0.000000000000E+00  0.000000000000E+00  0.000000000000E+00
  0.100000000000E+01  0.000000000000E+00  0.000000000000E+00
  0.000000000000E+00 -0.100000000000E+01  0.000000000000E+00
  0.000000000000E+00  0.000000000000E+00 -0.100000000000E+01
  0.275997614270E+01  0.275997614270E+01  0.000000000000E+00
 -0.100000000000E+01  0.000000000000E+00  0.000000000000E+00
  0.000000000000E+00  0.100000000000E+01  0.000000000000E+00
  0.000000000000E+00  0.000000000000E+00 -0.100000000000E+01
  0.275997614270E+01  0.275997614270E+01  0.000000000000E+00
  0.000000000000E+00  0.100000000000E+01  0.000000000000E+00
  0.100000000000E+01  0.000000000000E+00  0.000000000000E+00
  0.000000000000E+00  0.000000000000E+00  0.100000000000E+01
  0.275997614270E+01  0.275997614270E+01  0.000000000000E+00
  0.000000000000E+00 -0.100000000000E+01  0.000000000000E+00
 -0.100000000000E+01  0.000000000000E+00  0.000000000000E+00
  0.000000000000E+00  0.000000000000E+00  0.100000000000E+01
  0.275997614270E+01  0.275997614270E+01  0.000000000000E+00
  0.000000000000E+00 -0.100000000000E+01  0.000000000000E+00
  0.100000000000E+01  0.000000000000E+00  0.000000000000E+00
  0.000000000000E+00  0.000000000000E+00 -0.100000000000E+01
  0.000000000000E+00  0.000000000000E+00  0.000000000000E+00
  0.000000000000E+00  0.100000000000E+01  0.000000000000E+00
 -0.100000000000E+01  0.000000000000E+00  0.000000000000E+00
  0.000000000000E+00  0.000000000000E+00 -0.100000000000E+01
  0.000000000000E+00  0.000000000000E+00  0.000000000000E+00
   16
    6      0.000000000000      2.759976142701      1.497829061866
    6      2.759976142701      0.000000000000     -1.497829061866
    8      0.000000000000      2.759976142701     -1.869222395344
    8      2.759976142701      0.000000000000      1.869222395344
    7      0.811551895441     -1.948424247260      0.794280211964
    7     -0.811551895441      1.948424247260      0.794280211964
    7     -1.948424247260     -0.811551895441     -0.794280211964
    7      1.948424247260      0.811551895441     -0.794280211964
    1      1.441018550880     -1.318957591821      1.289964757281
    1     -1.441018550880      1.318957591821      1.289964757281
    1     -1.318957591821     -1.441018550880     -1.289964757281
    1      1.318957591821      1.441018550880     -1.289964757281
    1      0.795014823909     -1.964961318792     -0.221913461591
    1     -0.795014823909      1.964961318792     -0.221913461591
    1     -1.964961318792     -0.795014823909      0.221913461591
    1      1.964961318792      0.795014823909      0.221913461591
  113    8
