# Mulliken Populations: 
# NSPIN,NATOM
# IAT,NSHELL
# Xiat,Yiat,Ziat (AU)
# QTOT shell charges
# NORB
# orbital charges
         1         16
         6          4
     0.000     5.195     2.780
     5.081     1.995     1.975     0.984     0.127
        14
     1.995     0.407     0.494     0.494     0.580     0.382     0.291     0.291
     0.021     0.025     0.036     0.036     0.021     0.010
         6          4
     5.195     0.000    -2.780
     5.081     1.995     1.975     0.984     0.127
        14
     1.995     0.407     0.494     0.494     0.580     0.382     0.291     0.291
     0.021     0.025     0.036     0.036     0.021     0.010
         8          4
     0.000     5.195    -3.511
     8.609     1.996     2.556     4.030     0.027
        14
     1.996     0.420     0.756     0.756     0.624     1.505     0.902     0.902
     0.721     0.013     0.006     0.006     0.000     0.000
         8          4
     5.195     0.000     3.511
     8.609     1.996     2.556     4.030     0.027
        14
     1.996     0.420     0.756     0.756     0.624     1.505     0.902     0.902
     0.721     0.013     0.006     0.006     0.000     0.000
         7          4
     1.534    -3.662     1.455
     7.590     1.995     2.307     3.269     0.019
        14
     1.995     0.373     0.665     0.665     0.605     1.215     0.741     0.741
     0.572     0.004     0.004     0.004     0.003     0.004
         7          4
    -1.534     3.662     1.455
     7.590     1.995     2.307     3.269     0.019
        14
     1.995     0.373     0.665     0.665     0.605     1.215     0.741     0.741
     0.572     0.004     0.004     0.004     0.003     0.004
         7          4
    -3.662    -1.534    -1.455
     7.590     1.995     2.307     3.269     0.019
        14
     1.995     0.373     0.665     0.665     0.605     1.215     0.741     0.741
     0.572     0.004     0.004     0.004     0.003     0.004
         7          4
     3.662     1.534    -1.455
     7.590     1.995     2.307     3.269     0.019
        14
     1.995     0.373     0.665     0.665     0.605     1.215     0.741     0.741
     0.572     0.004     0.004     0.004     0.003     0.004
         1          3
     2.725    -2.470     2.383
     0.783     0.436     0.313     0.035
         5
     0.436     0.313     0.013     0.013     0.008
         1          3
    -2.725     2.470     2.383
     0.783     0.436     0.313     0.035
         5
     0.436     0.313     0.013     0.013     0.008
         1          3
    -2.470    -2.725    -2.383
     0.783     0.436     0.313     0.035
         5
     0.436     0.313     0.013     0.013     0.008
         1          3
     2.470     2.725    -2.383
     0.783     0.436     0.313     0.035
         5
     0.436     0.313     0.013     0.013     0.008
         1          3
     1.498    -3.697    -0.464
     0.782     0.438     0.309     0.034
         5
     0.438     0.309     0.005     0.005     0.024
         1          3
    -1.498     3.697    -0.464
     0.782     0.438     0.309     0.034
         5
     0.438     0.309     0.005     0.005     0.024
         1          3
    -3.697    -1.498     0.464
     0.782     0.438     0.309     0.034
         5
     0.438     0.309     0.005     0.005     0.024
         1          3
     3.697     1.498     0.464
     0.782     0.438     0.309     0.034
         5
     0.438     0.309     0.005     0.005     0.024
