   0   1   1 E -2.2493011725201E+02 DE-7.0E-10(  9)
  0.500000000000E+03  0.000000000000E+00  0.000000000000E+00
  0.000000000000E+00  0.500000000000E+03  0.000000000000E+00
  0.000000000000E+00  0.000000000000E+00  0.500000000000E+03
    4
  0.100000000000E+01  0.000000000000E+00  0.000000000000E+00
  0.000000000000E+00  0.100000000000E+01  0.000000000000E+00
  0.000000000000E+00  0.000000000000E+00  0.100000000000E+01
  0.000000000000E+00  0.000000000000E+00  0.000000000000E+00
 -0.100000000000E+01  0.000000000000E+00  0.000000000000E+00
  0.000000000000E+00 -0.100000000000E+01  0.000000000000E+00
  0.000000000000E+00  0.000000000000E+00  0.100000000000E+01
  0.000000000000E+00  0.000000000000E+00  0.000000000000E+00
 -0.100000000000E+01  0.000000000000E+00  0.000000000000E+00
  0.000000000000E+00  0.100000000000E+01  0.000000000000E+00
  0.000000000000E+00  0.000000000000E+00  0.100000000000E+01
  0.000000000000E+00  0.000000000000E+00  0.000000000000E+00
  0.100000000000E+01  0.000000000000E+00  0.000000000000E+00
  0.000000000000E+00 -0.100000000000E+01  0.000000000000E+00
  0.000000000000E+00  0.000000000000E+00  0.100000000000E+01
  0.000000000000E+00  0.000000000000E+00  0.000000000000E+00
    8
    6      0.000000000000      0.000000000000      0.042217356294
    8      0.000000000000      0.000000000000      1.259701956475
    7      0.000000000000      1.155851051230     -0.709852323404
    7      0.000000000000     -1.155851051230     -0.709852323404
    1      0.000000000000      2.024448989086     -0.201540198940
    1      0.000000000000     -2.024448989086     -0.201540198940
    1      0.000000000000      1.178200786464     -1.716448634041
    1      0.000000000000     -1.178200786464     -1.716448634041
   15    4
