   38
SILICON BULK - BASIS SET 6-21 MODIFIED                                          
 SI   6.77500000000E-01   6.77500000000E-01   6.77500000000E-01
 SI  -6.77500000000E-01  -6.77500000000E-01  -6.77500000000E-01
 SI   6.77500000000E-01  -2.03250000000E+00  -2.03250000000E+00
 SI  -6.77500000000E-01  -3.38750000000E+00  -3.38750000000E+00
 SI   6.77500000000E-01   3.38750000000E+00   3.38750000000E+00
 SI  -6.77500000000E-01   2.03250000000E+00   2.03250000000E+00
 SI   3.38750000000E+00   6.77500000000E-01  -2.03250000000E+00
 SI   2.03250000000E+00  -6.77500000000E-01  -3.38750000000E+00
 SI  -2.03250000000E+00   6.77500000000E-01   3.38750000000E+00
 SI  -3.38750000000E+00  -6.77500000000E-01   2.03250000000E+00
 SI   3.38750000000E+00  -2.03250000000E+00   6.77500000000E-01
 SI   2.03250000000E+00  -3.38750000000E+00  -6.77500000000E-01
 SI  -2.03250000000E+00   3.38750000000E+00   6.77500000000E-01
 SI  -3.38750000000E+00   2.03250000000E+00  -6.77500000000E-01
 SI  -2.03250000000E+00   6.77500000000E-01  -2.03250000000E+00
 SI  -3.38750000000E+00  -6.77500000000E-01  -3.38750000000E+00
 SI   3.38750000000E+00   6.77500000000E-01   3.38750000000E+00
 SI   2.03250000000E+00  -6.77500000000E-01   2.03250000000E+00
 SI   6.77500000000E-01   3.38750000000E+00  -2.03250000000E+00
 SI  -6.77500000000E-01   2.03250000000E+00  -3.38750000000E+00
 SI   6.77500000000E-01  -2.03250000000E+00   3.38750000000E+00
 SI  -6.77500000000E-01  -3.38750000000E+00   2.03250000000E+00
 SI  -2.03250000000E+00  -2.03250000000E+00   6.77500000000E-01
 SI  -3.38750000000E+00  -3.38750000000E+00  -6.77500000000E-01
 SI   3.38750000000E+00   3.38750000000E+00   6.77500000000E-01
 SI   2.03250000000E+00   2.03250000000E+00  -6.77500000000E-01
 SI   6.77500000000E-01   6.77500000000E-01  -4.74250000000E+00
 SI  -6.77500000000E-01  -6.77500000000E-01  -6.09750000000E+00
 SI   6.77500000000E-01   6.77500000000E-01   6.09750000000E+00
 SI  -6.77500000000E-01  -6.77500000000E-01   4.74250000000E+00
 SI   6.77500000000E-01  -4.74250000000E+00   6.77500000000E-01
 SI  -6.77500000000E-01  -6.09750000000E+00  -6.77500000000E-01
 SI   6.77500000000E-01   6.09750000000E+00   6.77500000000E-01
 SI  -6.77500000000E-01   4.74250000000E+00  -6.77500000000E-01
 SI   6.09750000000E+00   6.77500000000E-01   6.77500000000E-01
 SI   4.74250000000E+00  -6.77500000000E-01  -6.77500000000E-01
 SI  -4.74250000000E+00   6.77500000000E-01   6.77500000000E-01
 SI  -6.09750000000E+00  -6.77500000000E-01  -6.77500000000E-01
